13	41	3	23	12	16
12	32	30	49	3	18
34	12	14	24	36	23
30	13	36	44	23	4
31	44	6	49	5	39
29	44	6	37	22	18
27	44	8	16	12	4
26	37	9	44	46	24
47	20	31	26	21	5
10	26	37	8	31	22
26	8	42	39	36	14
34	38	42	39	9	5
38	22	46	4	27	36
37	6	41	22	21	42
29	1	19	9	49	16
23	40	35	12	17	27
18	5	22	6	38	43
26	42	43	12	35	36
14	1	23	27	33	30
26	35	38	20	42	8
30	42	1	48	32	45
41	6	4	47	17	19
6	28	9	26	20	22
26	10	3	49	24	38
42	16	18	3	37	19
25	10	32	7	43	22
32	39	19	25	2	30
46	32	14	31	12	1
19	33	21	10	24	35
18	4	40	36	47	34
45	39	41	49	3	1
43	31	39	32	4	34
22	12	37	31	6	42
36	33	38	43	35	5
36	34	35	11	33	17
23	40	14	46	10	16
25	41	5	46	38	19	24
37	18	43	32	14	16	21
44	13	35	21	25	5	10
47	3	43	20	48	42	19
48	12	19	17	34	23	32
38	48	5	10	18	8	14
27	35	9	17	23	10	39
40	9	23	25	31	46	49
10	31	4	11	26	47	13
5	34	33	14	6	40	21
36	3	16	29	25	11	39
49	48	40	31	26	14	10
42	47	15	28	27	22	33
42	23	17	8	4	18	41
31	9	5	22	21	6	10
9	10	39	36	27	24	19
33	44	29	36	9	6	39
32	10	11	25	12	42	27
41	22	1	2	48	36	20
17	5	49	39	29	47	31
38	7	16	19	39	33	42
29	36	7	34	49	14	15
37	40	39	28	16	14	42
16	36	44	25	6	9	34
15	9	47	10	27	21	14
32	11	13	7	43	6	33
17	20	23	15	31	35	26
49	45	13	47	1	5	29
23	31	17	11	26	38	40
20	4	16	19	17	15	28
6	47	7	33	3	12	2
2	39	6	9	28	49	20
12	6	39	30	43	34	14
31	49	18	9	17	19	30
1	31	42	35	9	15	48
15	16	28	43	23	2	48
36	9	34	4	11	45	8
2	36	45	7	35	18	29
3	14	35	24	44	32	47
18	48	22	45	31	14	20
47	20	30	44	27	26	35
2	40	31	14	48	18	36
39	18	6	28	44	15	5
35	44	11	39	27	45	13
18	43	23	37	20	33	42
31	41	4	2	27	22	38
15	21	31	17	24	40	8
28	16	44	30	20	29	4
24	35	3	45	40	1	42
4	32	37	14	3	29	5
7	47	1	32	8	35	3
21	38	14	44	34	30	25
10	12	19	4	25	8	13
23	31	15	36	37	46	24
26	11	5	22	6	14	46
41	44	40	34	28	30	26
42	1	2	23	44	3	47
9	25	34	20	1	27	48
48	17	42	8	43	6	49
13	39	29	33	36	26	22
3	40	48	8	41	14	43
36	31	24	30	42	38	10
27	47	7	40	2	4	45
27	38	21	12	20	40	4
24	37	19	28	34	12	26
25	10	33	9	35	7	18
21	22	13	26	42	20	41
9	26	25	31	11	6	7
49	1	14	41	29	30	48
35	36	24	2	27	42	41
22	4	18	9	23	2	41
49	26	46	45	3	11	41
24	45	46	16	30	20	4
20	24	49	34	8	22	16
23	25	3	26	1	14	21
46	36	9	27	26	11	43
45	26	3	32	47	43	11
27	11	22	7	39	18	46
33	22	28	23	4	7	9
46	14	34	45	47	36	2
36	15	21	44	10	6	8
19	36	9	37	23	22	13
30	32	12	34	14	3	5
7	4	23	41	6	27	14
34	46	4	48	38	39	31
30	45	40	43	25	37	12
36	37	8	45	15	21	12
19	2	26	3	17	12	36
24	9	11	27	48	21	42
11	20	49	5	10	36	38
18	6	2	8	17	35	11
39	20	27	5	22	43	17
30	38	46	28	22	34	13
44	36	29	49	24	23	40
16	10	29	13	28	47	18
27	25	5	3	22	49	7
1	21	38	30	25	9	6
31	10	48	32	38	15	17
2	7	32	36	25	38	27
49	26	18	34	41	21	8
37	29	3	8	38	6	35
25	33	24	43	30	31	6
34	8	32	46	48	9	15
46	13	33	30	32	24	23
17	24	26	32	30	37	49
9	8	36	27	10	15	19
28	33	6	31	46	39	49
19	18	17	36	21	49	48
4	29	44	3	49	30	24
42	48	41	47	17	35	18
46	48	24	10	14	18	3
14	9	22	36	26	34	37
1	39	20	17	29	10	36
18	28	35	45	42	37	19
45	19	21	14	31	32	47
47	13	21	37	45	44	26
33	35	40	1	5	9	7
20	32	14	13	7	1	15
46	39	27	9	35	22	23
4	38	8	2	30	44	14
33	16	25	19	6	20	2
46	4	6	49	48	45	18
33	30	6	34	21	36	20
47	8	13	7	29	49	21
46	11	18	44	8	12	30
22	21	45	11	47	25	15
22	18	19	49	4	25	27
11	44	46	49	19	18	37
28	13	1	17	27	4	46
11	48	31	9	26	13	1
6	45	15	17	40	9	16
44	41	12	14	49	19	31
41	46	2	13	34	27	23
46	45	44	28	7	18	19
2	43	4	6	41	40	44
28	41	47	44	27	5	48
25	26	33	1	41	6	36
13	25	33	6	11	15	20
11	25	6	33	29	8	23
18	49	29	44	47	5	23
33	18	46	21	37	2	14
11	16	10	1	36	39	3
14	29	37	40	48	21	26
49	26	19	34	5	43	16
49	16	35	10	7	23	8
23	19	35	18	2	39	41
2	42	39	48	33	28	1
16	28	20	4	46	22	30
21	40	1	14	8	15	37
30	31	35	46	7	5	13
44	43	42	14	22	19	49
49	7	27	41	46	1	16
28	19	41	4	1	5	16
8	25	22	49	44	17	39
10	42	44	23	21	11	48
30	19	41	28	32	17	10
42	10	24	28	23	35	44
34	42	3	4	43	21	1
2	36	49	44	18	9	39
35	25	31	23	46	29	18
9	46	2	26	40	13	38
31	30	14	48	34	38	24
24	6	48	45	37	14	22
26	9	35	36	33	11	48
31	16	13	28	15	9	26
2	13	19	42	41	31	4
36	33	14	16	35	11	28
8	3	29	9	18	26	37
15	16	44	1	9	23	43
48	45	26	46	11	31	19
1	9	30	24	22	32	27
15	21	19	16	29	17	1
39	34	6	5	17	31	2
19	11	45	40	2	38	26
39	26	19	18	6	29	42
12	18	33	29	25	37	13
20	31	38	19	36	45	17
29	23	35	3	7	37	28
15	23	43	38	47	4	48
4	34	3	5	14	49	24
2	20	1	37	21	29	4
5	43	14	32	45	20	29
40	20	42	25	27	22	32
31	47	48	25	8	17	33
9	42	48	40	43	39	6
33	41	28	22	27	36	43
14	24	49	33	15	7	23
45	42	22	43	37	48	1
30	41	49	29	4	40	43
48	13	20	41	33	8	35
10	12	28	45	26	22	2
12	45	1	26	25	14	28
12	13	4	3	24	20	49
34	44	25	48	6	2	12
28	19	46	41	32	43	7
26	48	47	33	43	45	42
4	32	42	22	19	5	28
47	10	25	9	30	22	40
7	47	43	39	15	3	8
17	36	48	39	44	3	40
17	42	40	4	25	33	18
45	35	12	14	22	39	47
28	9	3	33	41	32	19
41	36	14	22	46	7	18
28	6	36	8	14	32	15
26	32	28	39	29	2	9
32	44	31	24	40	48	34
10	24	34	27	15	31	32
24	41	14	19	31	40	15
8	39	27	10	49	13	35
23	4	49	34	21	17	10
16	43	23	35	21	15	10
22	29	30	49	12	20	21
22	29	13	44	4	23	5
32	18	38	5	25	33	15
43	34	27	13	48	35	33
14	4	38	25	30	7	17
11	43	6	19	10	12	20
31	39	37	28	12	24	4
45	48	46	11	22	27	44
46	41	23	25	32	42	24
19	22	3	29	25	45	6
17	48	33	18	7	8	12
4	16	12	31	19	3	39
38	24	20	12	30	45	17
25	22	29	5	14	38	47
5	48	29	31	6	18	42
8	47	35	24	41	49	21
19	9	10	3	18	24	25
30	15	47	41	20	4	35
36	13	33	19	14	42	11
27	14	1	47	20	46	34
22	18	5	13	4	3	17
34	12	23	24	32	26	3
46	5	47	45	1	8	26
42	40	8	36	47	20	38
15	8	27	49	11	42	33
20	10	30	13	39	38	2
10	35	14	16	37	23	21
15	47	6	4	49	38	2
18	45	10	6	47	37	5
15	16	18	25	37	43	36
41	38	5	32	16	42	9
5	15	13	49	44	36	8
26	13	6	36	35	18	48
1	25	9	28	2	8	44
24	28	21	13	26	8	2
48	41	34	32	2	40	35
6	7	40	9	15	12	36
32	38	9	40	6	33	18
20	3	31	17	26	21	45
4	23	28	27	38	29	5
30	38	17	16	15	40	47
1	19	23	40	46	8	34
27	39	18	22	3	34	48
7	5	22	43	18	21	14
7	21	9	45	35	31	40
45	24	14	48	43	41	11
15	1	41	36	2	11	3
47	39	5	25	29	2	27
47	5	34	9	22	21	6
23	29	36	40	28	14	10
37	42	1	25	29	17	40
1	11	26	33	25	18	5
2	48	42	1	32	19	35
5	28	3	43	42	15	13
12	49	35	2	41	47	37
28	15	12	32	25	43	49
9	31	12	23	28	38	21
25	48	33	34	31	9	49
18	17	44	15	11	33	38
20	32	15	35	10	2	19
13	15	29	16	5	11	17
20	1	10	49	27	37	35
7	13	10	16	5	18	30
33	4	29	14	23	36	26
1	33	48	4	35	31	18
44	17	7	14	19	12	35
31	25	48	45	40	47	16
22	35	4	40	16	33	20
9	33	5	6	44	41	7
33	11	18	49	12	27	2
44	8	13	14	30	32	40
40	20	39	2	37	1	32
27	17	7	16	25	8	36
23	5	29	10	47	39	19
5	32	21	49	13	25	45
36	4	31	22	42	32	49
9	2	1	27	24	26	23
1	33	35	20	11	37	45
12	22	9	19	26	27	25
33	45	37	5	47	3	24
37	20	41	5	49	48	46
17	44	33	7	25	26	29
29	23	40	18	27	9	42
39	31	33	28	42	14	10
32	11	36	38	9	29	7
2	45	48	17	25	19	11
21	33	43	4	19	45	26
16	22	1	21	12	14	33
27	44	24	38	25	45	32
35	28	32	10	26	12	31
10	32	27	25	9	4	42
44	39	37	46	24	4	17
42	39	36	7	29	35	17
48	45	21	27	34	49	10
17	28	13	44	47	12	29
40	34	3	4	10	47	7
27	32	1	19	26	48	4
27	2	3	35	25	11	15
33	15	31	19	25	22	17
36	23	38	13	29	19	39
23	13	34	25	2	27	7
18	10	30	6	48	15	22
17	10	32	33	14	36	49
15	16	10	46	24	13	35
9	13	28	47	35	46	11
40	2	11	38	12	6	22
4	44	26	1	48	14	47
47	35	6	39	45	33	11
19	48	43	3	17	8	18
44	11	10	41	23	30	24
48	26	32	6	35	18	41
7	23	44	8	12	39	28
47	14	28	8	9	37	16
15	5	21	39	36	22	35
40	14	34	22	38	48	3
7	13	16	6	36	48	34
32	2	30	38	25	49	48
15	7	9	25	6	20	44
1	11	41	27	2	46	43
24	16	47	49	10	25	17
18	31	19	26	41	14	17
6	9	46	22	41	10	27
4	1	35	19	11	43	18
28	48	44	18	49	22	11
29	15	17	42	32	16	5
47	46	3	21	37	42	15
6	7	15	42	33	47	12
27	32	48	20	37	43	18
24	37	1	21	23	15	25
4	16	6	20	23	30	27
14	25	26	38	1	41	28
13	4	46	19	43	33	27
48	11	46	14	37	30	32
16	31	27	36	18	15	46
11	26	13	25	30	10	6
43	35	42	44	46	9	23
13	41	17	45	15	11	2
39	11	9	22	26	35	46
41	27	19	26	47	8	9
11	39	21	12	41	44	23
10	25	48	49	45	18	23
27	29	25	10	18	1	44
23	38	6	1	44	2	10
45	32	25	40	18	5	16
2	20	31	37	27	49	28
28	46	36	34	43	48	19
11	7	17	36	26	19	13
20	27	35	30	6	3	28
5	21	4	10	34	11	48
31	28	46	34	42	37	38
44	12	38	6	20	49	23
27	11	15	31	39	30	3
35	23	38	5	19	22	24
43	7	47	24	35	36	28
40	46	19	3	17	29	22
6	48	22	12	31	49	38
30	23	38	1	37	24	32
24	7	19	32	31	12	42
8	4	44	30	28	40	10
38	48	30	23	31	17	1
19	2	20	37	8	23	18
45	37	6	36	11	9	42
4	24	26	8	22	38	35
26	7	30	40	38	34	28
26	23	30	34	44	48	43
28	19	14	44	21	46	47
14	17	29	45	23	11	24
2	3	29	46	11	37	24
39	28	40	7	1	11	17
32	19	34	18	43	35	38
3	32	12	30	4	26	1
3	21	10	26	43	11	19
34	23	17	5	33	38	31
4	14	38	18	25	31	23
28	13	40	24	31	32	22
10	30	17	36	40	7	15
15	27	32	14	45	37	17
20	33	22	7	37	24	26
9	31	1	36	7	19	29
2	29	16	37	12	21	30
5	6	36	16	9	29	28
34	42	38	16	40	43	36
8	42	38	21	1	28	10
28	32	48	6	47	34	13
30	7	36	14	17	43	42
26	11	46	2	3	21	8
29	10	25	18	7	32	22
28	22	47	21	7	39	13
21	16	47	32	26	2	23
23	37	44	3	35	15	13
26	32	1	16	41	35	13
10	31	43	16	25	17	11
2	13	10	39	24	9	29
36	25	41	22	18	47	23
1	30	42	23	24	28	5
25	32	48	15	13	42	23
37	21	10	39	41	23	38
38	46	28	19	40	39	23
49	4	43	5	9	47	8
32	48	34	19	11	12	2
5	35	42	33	48	9	23
6	34	31	43	11	13	25
49	38	21	22	45	1	47
45	32	5	9	37	4	39
22	39	1	29	23	49	38
27	14	33	37	39	48	35
37	22	10	5	11	27	31
12	23	13	49	10	22	11
47	1	49	36	35	18	26
3	38	24	37	46	12	9
31	34	41	44	37	48	1
16	36	45	40	34	47	22
41	16	38	36	34	9	17
46	23	36	6	14	45	18
45	20	32	12	16	37	7
36	4	35	40	17	31	21
36	41	38	43	45	34	4
27	20	4	6	24	1	32
18	32	39	42	43	21	22
42	26	41	9	29	22	46
35	25	46	47	20	8	38
2	46	42	34	23	38	32
1	34	17	44	33	6	47
14	19	29	18	39	16	47
22	30	40	1	36	14	25
41	18	32	21	2	26	6
24	23	38	9	33	3	37
22	33	39	46	9	5	12
17	32	31	5	40	11	22
33	2	45	8	23	4	41
36	17	10	30	28	49	7
30	39	29	46	15	20	48
16	15	47	37	21	35	7
23	33	43	7	13	25	45
35	8	15	4	10	12	22
27	9	18	47	17	7	11
46	38	18	13	31	24	4
29	34	32	42	26	10	22
29	23	49	13	8	5	16
33	42	3	13	47	37	19
46	36	28	49	6	9	11
35	8	18	30	27	15	39
18	38	42	33	14	27	2
3	49	4	19	43	34	36
39	45	9	33	43	29	8
13	37	36	9	34	16	45
46	34	15	28	6	27	25
26	4	16	23	2	30	11
2	1	48	3	5	47	37
22	42	14	30	1	27	9
34	45	49	23	10	31	22
37	36	31	29	49	4	48
47	41	12	37	21	11	30
45	23	2	39	31	27	25
31	11	4	24	9	29	28
38	33	1	15	29	5	24
47	23	12	6	27	15	29
21	20	32	3	29	16	23
3	47	49	24	38	37	41
8	12	19	17	21	25	10
47	33	17	9	10	46	25
46	38	7	9	25	15	11
19	32	20	40	27	4	23
13	31	44	8	41	17	34
32	22	44	19	31	48	4
32	48	3	5	12	25	35
21	6	43	3	12	4	42
38	44	39	2	16	17	35
35	36	21	13	45	46	1
37	25	19	31	13	21	8
42	8	43	31	37	38	16
4	15	8	44	48	17	1
11	34	33	38	17	2	41
24	12	22	32	15	34	45
36	22	35	31	6	9	15
32	44	2	15	24	39	30
26	9	6	18	48	46	33
2	5	23	47	40	18	15
43	44	14	46	35	6	27
17	36	6	48	20	45	30
42	21	44	24	8	27	35
1	14	12	13	48	33	22
32	42	41	10	15	48	49
11	48	23	20	33	29	47
5	48	25	35	21	36	7
47	30	6	24	20	39	2
5	46	37	20	9	10	44
28	8	40	19	39	36	42
49	38	25	30	5	36	23
47	8	5	39	29	32	7
39	8	2	19	1	26	9
42	46	34	33	19	41	47
44	7	47	39	18	3	4
34	29	9	24	30	45	41
10	24	7	44	29	16	3
46	28	30	44	34	29	9
38	8	19	14	41	43	27
40	5	30	22	27	44	18
21	29	2	39	37	6	20
41	15	28	26	39	25	21
15	30	28	26	6	20	47
26	40	36	19	42	41	47
34	39	8	43	35	21	36
8	19	31	39	1	4	21
9	22	20	49	36	5	27
45	35	49	17	30	5	41
37	40	45	9	31	36	1
31	8	23	45	4	48	39
6	19	3	22	12	2	16
4	20	45	5	33	27	17
17	18	21	24	33	34	5
19	38	46	28	33	36	21
36	42	37	15	28	21	23
39	11	22	41	49	43	3
5	10	26	33	47	12	21
37	32	41	12	10	4	24
38	40	7	1	23	49	25
34	27	3	40	24	23	26
38	45	30	10	47	5	20
40	18	25	12	48	5	16
33	12	43	42	6	21	4
34	16	28	27	49	21	45
14	38	48	28	21	24	36
1	44	14	26	16	35	20
16	23	10	45	21	14	26
34	13	28	33	31	35	30
4	44	35	40	28	20	14
42	13	6	17	44	1	48
35	29	42	37	39	44	6
46	25	42	11	18	43	26
27	13	16	1	49	33	45
45	8	27	29	22	18	17
43	33	42	17	9	30	21
12	5	41	17	10	11	32
29	5	45	34	8	49	36
21	40	38	18	39	41	26
32	15	21	10	16	19	41
2	43	20	33	40	41	10
4	32	31	18	21	12	8
47	6	5	2	22	7	43
4	10	44	17	36	31	40
39	6	35	7	21	18	29
11	7	34	42	26	8	22
22	47	45	29	25	3	18
12	7	44	3	33	49	32
42	27	3	22	32	16	7
47	27	23	45	19	49	14
9	19	36	39	5	42	46
21	22	4	44	23	7	12
48	7	20	42	29	27	12
48	21	31	24	14	34	25
2	18	26	45	43	1	22
48	34	44	12	22	11	26
6	12	49	29	18	16	38
19	23	7	33	42	38	32
18	44	30	41	8	2	29
49	30	26	29	21	39	48
43	5	34	20	29	18	38
39	35	32	46	2	49	8
42	2	20	37	18	3	8
30	45	49	17	21	44	9
23	40	48	43	37	7	2
16	18	31	8	43	3	23
45	1	20	13	30	34	3
49	12	19	30	9	33	41
7	49	22	24	1	32	41
4	9	10	30	43	19	27
40	32	41	3	2	30	46
14	26	21	2	45	41	29
8	9	3	38	34	13	32
23	2	13	5	19	22	33
40	38	13	21	22	48	34
22	25	12	43	44	38	9
36	7	35	16	15	32	1
21	3	36	20	15	9	39
36	26	43	3	19	45	13
35	2	49	20	37	36	21
14	1	42	19	32	29	31
45	22	36	24	28	44	40
22	26	1	20	23	15	10
9	2	48	25	13	47	15
39	40	6	11	21	9	4
41	38	29	11	42	22	39
19	2	46	9	38	28	29
3	10	24	31	48	9	49
46	13	33	6	41	17	22
20	2	43	33	12	32	38
27	8	6	21	36	30	15
29	11	18	12	38	39	42
11	26	44	30	41	14	2
14	15	34	11	49	19	45
43	29	14	30	18	39	3
16	2	24	47	14	30	13
19	27	28	8	5	40	25
25	39	36	10	4	8	17
23	11	44	34	6	48	3
6	37	25	38	39	42	17
17	30	38	7	12	24	49
23	1	21	7	30	10	45
44	21	2	40	22	31	24
43	29	13	11	26	22	41
18	15	11	28	5	41	22
7	17	46	40	49	23	31
35	39	47	16	48	32	22
42	16	15	2	46	29	33
47	31	13	38	32	2	12
11	45	26	43	46	12	18
15	32	9	7	33	10	2
21	14	39	8	15	27	48
1	18	39	41	26	32	37
9	43	31	29	21	37	26
21	47	40	48	43	34	25
24	16	19	12	39	25	31
20	36	12	33	41	46	37
11	31	39	43	20	18	22
41	46	47	28	43	25	15
24	8	21	49	46	48	28
19	17	41	31	8	11	20
46	26	45	24	27	43	42
32	29	2	9	11	35	12
6	47	22	26	28	16	9
32	3	28	40	49	14	8
42	46	14	31	1	40	41
9	12	45	25	28	26	44
39	10	3	42	32	17	36
35	33	40	36	8	6	12
34	47	21	17	38	45	26
26	29	28	11	14	5	25
22	42	37	21	16	49	44
13	24	35	19	20	3	22
27	44	28	30	39	47	3
12	39	40	29	10	17	2
40	10	8	30	43	21	9
25	9	4	8	16	22	35
45	35	18	10	14	40	28
41	19	28	2	23	17	31
27	12	30	41	8	1	10
39	44	28	36	48	31	2
36	41	4	10	33	32	49
48	39	30	40	4	5	2
8	35	2	38	3	34	11
2	37	26	17	18	16	31
3	16	36	38	12	39	22
20	2	39	40	15	33	42
37	15	35	14	40	36	32
38	40	9	49	10	5	33
35	9	11	10	2	24	28
24	22	42	33	5	38	49
15	21	38	19	14	33	7
20	45	26	27	40	37	29
21	43	29	33	6	45	8
42	36	48	41	9	21	39
1	28	4	30	41	15	25
9	49	45	11	41	32	5
41	29	27	17	15	30	6
35	46	32	16	27	25	28
15	43	40	47	31	16	46
43	9	19	8	24	34	10
2	49	34	40	45	23	17
25	48	18	26	1	46	40
34	21	48	49	25	14	36
3	10	48	46	27	13	33
12	13	32	48	4	11	31
29	17	26	47	43	40	7
45	22	49	12	30	3	35
24	2	48	18	36	15	17
20	8	47	31	40	25	23
3	17	46	11	20	41	19
22	21	40	43	45	9	18
26	20	10	22	1	40	18
32	34	46	44	14	11	6
26	13	21	48	49	44	30
7	49	33	14	24	43	34
22	8	5	49	25	31	16
14	17	33	38	1	47	13
33	40	36	23	10	6	47
4	15	3	28	49	25	13
40	12	11	36	33	39	31
22	40	12	26	41	27	29
5	38	9	18	24	25	30
39	46	43	48	33	10	19
29	11	15	3	21	37	2
2	7	20	6	39	4	3
8	27	17	14	36	45	1
4	12	19	36	14	7	3
32	10	19	28	7	38	11
10	18	21	46	3	15	16
4	12	18	42	38	21	41
49	37	36	29	38	39	43
32	1	6	23	29	38	25
34	41	9	22	45	38	35
10	31	45	44	39	7	19
15	49	48	13	8	6	40
29	35	12	49	9	3	17
24	2	42	17	43	40	33
13	21	40	43	22	25	32
45	44	35	21	17	15	16
48	5	45	2	24	16	10
38	36	35	44	11	6	42
41	44	38	3	24	19	39
46	12	33	6	19	23	29
31	3	29	14	49	6	38
16	46	7	38	32	48	42
14	38	36	25	24	23	30
6	7	28	3	10	25	44
38	22	44	28	21	5	6
34	18	2	11	46	14	39
38	5	17	29	39	28	11
32	49	6	24	8	29	43
36	12	4	17	35	7	20
12	5	11	25	15	48	32
12	48	44	14	24	18	46
5	39	43	3	36	14	37
39	32	3	5	6	38	41
42	14	10	48	46	26	36
33	19	44	46	39	24	49
47	31	46	18	2	30	34
1	19	27	2	49	9	26
21	15	23	49	44	38	41
19	13	10	29	30	4	37
49	14	1	21	45	11	25
30	35	44	48	41	9	36
25	22	20	49	32	44	39
22	37	40	16	24	2	38
41	5	36	18	14	21	16
27	18	3	17	49	16	25
9	48	17	7	12	16	32
1	32	17	49	43	44	7
17	26	20	11	49	13	18
7	48	30	24	45	10	43
15	24	5	46	29	40	38
46	4	34	41	27	29	33
46	20	17	15	4	47	3
47	49	20	3	22	35	23
20	37	17	40	8	36	43
39	34	7	44	2	43	22
40	8	1	37	26	47	25
19	11	38	21	18	2	7
24	32	36	35	40	15	12
2	42	40	1	37	21	15
43	3	6	27	40	1	21
12	42	49	16	28	14	34
41	23	33	34	16	14	45
10	14	34	27	7	42	15
21	1	6	30	45	31	40
17	7	8	20	26	2	31
42	48	40	44	6	19	8
8	48	16	45	41	26	5
30	31	40	23	17	19	26
2	13	6	38	27	24	41
12	25	3	4	8	1	34
49	8	2	37	30	40	3
21	32	34	49	42	45	1
24	43	26	39	17	49	42
40	26	42	46	17	25	32
40	48	15	45	3	36	19
20	33	3	42	25	4	22
31	19	17	18	8	41	44
3	20	36	41	13	27	4
46	32	30	2	14	44	16
14	37	36	35	21	26	33
38	37	22	46	48	4	47
12	4	20	16	43	19	14
39	25	18	2	28	12	6
13	40	35	16	22	21	47
44	9	36	25	7	46	26
6	21	46	11	43	16	23
6	48	34	22	35	49	25
39	43	5	4	20	1	25
44	41	17	2	5	38	29
16	15	17	1	31	27	13
19	16	30	13	45	46	25
41	21	9	49	7	29	42
21	4	36	41	34	37	20
30	5	42	3	9	38	25
48	33	47	49	28	46	36
31	3	28	40	37	12	30
36	17	16	39	14	2	3
17	35	19	28	12	18	11
12	33	25	4	28	49	42
36	47	44	13	26	10	4
31	10	25	1	19	34	6
18	1	25	8	2	24	33
16	48	37	32	7	49	46
25	11	37	34	10	22	9
7	1	22	32	20	37	23
45	6	17	34	1	3	33
41	30	21	13	31	10	8
11	8	5	46	45	32	2
42	48	26	3	22	16	33
43	20	5	28	45	39	16
49	6	31	34	42	44	19
26	24	29	43	8	28	31
30	36	31	20	35	26	49
16	46	1	4	43	48	35
27	32	41	42	47	45	49
39	1	43	2	47	49	12
30	49	7	10	6	40	44
19	12	26	21	9	47	24
29	14	42	3	34	6	26
21	6	38	48	35	22	34
35	34	2	21	41	31	29
1	48	39	49	11	46	24
44	33	25	22	2	9	21
28	14	31	38	30	21	49
48	11	41	38	19	4	5
41	9	40	2	21	23	30
20	36	27	33	23	41	15
19	14	1	21	23	36	29
1	41	9	24	15	23	34
26	34	43	17	32	22	30
23	26	14	19	33	29	46
14	39	24	8	37	4	7
25	42	14	17	47	18	29
6	41	26	49	27	32	2
34	25	8	28	39	13	20
43	17	2	15	21	45	27
19	49	15	18	20	42	34
23	17	33	32	31	40	3
37	11	7	10	48	17	33
16	29	27	5	9	18	14
29	47	19	20	7	3	14
2	27	34	36	14	30	21
29	16	28	33	37	42	34
24	27	3	1	19	4	20
18	1	6	3	28	7	8
35	40	27	13	46	15	18
12	41	42	28	21	33	7
3	2	38	40	19	12	25
26	15	29	49	47	39	9
20	5	30	23	48	41	11
29	10	7	25	16	23	3
6	46	42	23	41	47	27
30	40	8	27	46	49	5
37	20	46	38	23	45	3
43	25	17	42	39	34	26
40	1	4	11	24	5	2
9	31	13	25	44	24	10
49	39	28	43	14	19	26
17	38	30	3	16	4	24
19	5	28	46	45	18	16
18	23	47	16	38	29	1
22	32	9	17	21	33	38
27	3	11	36	42	6	40
45	35	46	27	10	43	39
39	2	21	47	42	29	37
12	25	40	11	2	14	8
28	42	31	7	18	15	29
36	31	49	38	23	40	21
25	23	10	29	26	49	1
19	49	12	30	26	8	6
13	17	15	44	7	46	9
41	19	4	7	29	8	13
3	17	35	33	23	6	38
1	17	42	9	6	20	10
26	48	5	24	16	35	28
13	46	1	37	26	5	11
43	33	48	4	13	3	44
8	32	20	33	49	43	46
19	27	3	31	24	14	44
49	34	39	21	20	42	30
21	8	13	29	26	9	20
39	6	22	34	20	10	23
25	30	1	43	39	26	23
11	40	43	22	28	37	30
48	37	28	19	25	17	30
47	1	42	48	34	3	44
26	31	1	45	12	28	35
31	3	21	46	22	23	10
1	18	23	38	30	8	44
46	25	28	14	11	30	37
25	33	22	43	48	8	15
15	25	18	48	36	10	35
9	7	18	40	32	26	14
9	46	17	6	23	28	39
13	11	35	16	30	48	45
26	37	6	27	38	12	5
43	6	4	24	23	1	17
18	7	26	31	39	13	42
24	21	31	30	46	20	2
41	22	11	28	49	16	5
31	20	18	43	3	49	5
17	10	16	42	30	39	3
39	44	12	35	36	38	9
5	4	31	35	45	1	33
45	25	34	9	8	26	14
46	11	24	39	3	21	10
49	22	47	19	37	39	10
40	20	18	2	9	24	1
35	41	45	29	34	7	43
36	1	48	23	31	24	18
46	19	39	37	6	34	42
8	25	33	31	15	32	28
15	33	9	40	21	20	14
17	27	11	45	34	20	46
19	33	31	17	49	3	38
41	7	39	48	11	2	46
24	40	42	39	1	25	33
20	30	43	33	5	37	31
21	32	3	16	39	34	5
33	32	4	31	39	36	46
31	11	24	25	1	45	38
20	32	21	24	25	2	12
17	38	8	37	31	22	47
22	37	13	15	28	48	18
44	4	41	29	21	15	24
12	26	44	35	7	14	11
1	20	38	12	39	30	34
14	10	17	32	19	31	26
26	46	2	3	33	25	31
8	41	7	3	20	15	32
49	22	17	8	3	2	13
30	40	38	32	20	39	42
31	8	26	7	5	40	44
45	12	18	17	13	32	15
37	4	7	24	20	47	44
21	24	48	29	4	22	45
39	7	49	32	1	47	38
41	42	47	45	30	23	1
27	31	24	26	45	38	42
12	26	3	45	33	6	29
19	6	26	44	45	15	30
41	48	43	37	36	20	21
48	29	11	35	28	10	37
41	16	38	48	6	44	49
36	25	27	21	22	16	38
24	39	20	4	16	3	49
20	8	33	5	30	49	25
13	37	49	30	43	28	1
1	40	36	2	5	21	49
35	2	25	26	22	7	33
2	26	33	41	1	27	11
20	39	29	31	19	27	48
12	45	2	16	29	21	15
10	7	42	19	4	12	20
47	31	30	27	36	38	48
36	45	6	12	21	47	28
31	17	11	44	14	30	4
3	8	22	27	15	23	16
13	32	3	26	37	24	28
17	37	31	39	12	36	3
46	4	6	3	23	16	15
16	24	44	49	35	3	34
22	5	1	28	27	24	16
31	33	21	15	22	13	30
46	31	20	12	48	42	1
45	38	9	35	6	39	28
32	27	47	2	45	29	35
22	46	48	43	28	29	36
41	42	12	32	27	28	15
40	29	32	8	22	19	4
14	27	32	22	10	49	16
48	6	14	9	42	45	24
47	20	10	22	17	9	6
42	23	6	22	7	46	40
41	24	28	3	40	45	7
13	38	43	1	42	37	35
33	14	4	1	27	30	7
23	42	1	32	48	6	3
26	18	33	36	20	47	28
7	47	27	30	37	25	20
49	40	18	34	28	4	10
1	38	33	4	20	14	23
38	49	32	12	19	3	21
23	20	8	2	49	41	34
42	21	32	18	7	23	27
24	12	15	47	49	11	16
29	9	4	7	16	26	2
10	5	13	16	31	22	38
45	10	12	40	35	19	16
33	39	19	1	4	38	36
27	35	7	37	33	18	9
23	31	6	34	40	25	35
27	7	33	14	23	36	45
10	11	35	46	9	27	15
17	28	30	43	12	25	48
38	43	12	31	10	49	18
31	18	35	22	45	33	16
39	31	12	7	24	30	20
31	26	35	25	38	19	46
1	3	13	11	44	9	47
3	38	25	29	30	9	32
26	15	17	29	42	9	39
47	4	2	13	49	26	28
48	28	36	40	39	3	6
36	49	28	19	48	17	35
33	25	38	15	9	49	3
17	2	32	45	3	46	5
31	43	27	32	7	3	21
8	38	32	39	27	12	49
7	16	32	46	13	40	45
35	42	2	19	18	5	13
44	32	4	12	30	14	1
16	17	33	40	26	31	10
35	18	15	7	41	44	6
8	1	43	10	45	6	19
30	17	47	40	32	37	46
32	8	38	40	27	21	30
3	32	27	34	33	16	25
12	44	35	39	11	4	28
13	44	16	7	26	46	8
16	4	5	44	18	24	7
19	14	20	43	2	32	40
22	8	14	36	2	5	28
39	35	31	37	46	29	45
37	3	23	7	44	25	19
13	45	25	2	35	46	47
21	25	9	37	44	11	40
28	39	16	11	3	49	13
9	47	46	10	41	29	36
22	6	45	38	41	13	37
24	4	29	43	34	32	14
3	1	7	41	32	46	40
13	30	11	18	15	10	16
17	23	20	9	24	31	29
30	8	44	32	48	40	15
10	1	26	38	46	13	23
12	45	41	1	9	30	14
32	26	29	43	8	4	39
29	44	17	25	23	42	20
40	2	41	13	11	10	33
21	48	8	12	15	5	18
41	42	23	36	20	1	33
21	41	5	46	23	19	30
29	26	48	45	42	20	6
28	9	10	1	49	46	44
45	5	43	2	22	44	4
37	17	48	43	9	18	42
12	15	32	17	41	25	8
20	6	1	45	46	33	24
5	11	47	29	13	35	34
23	41	34	7	2	47	18
24	25	20	35	7	19	5
15	3	47	17	32	14	35
6	32	15	33	12	5	48
38	46	26	9	5	12	40
25	5	20	26	41	27	38
43	31	26	44	42	28	40
40	35	16	33	21	5	4
2	39	6	30	16	26	7
11	7	37	26	19	20	29
8	43	4	6	9	29	49
17	19	6	30	28	16	36
49	12	9	20	37	11	2
32	40	6	24	3	11	10
46	32	44	28	23	9	1
39	3	48	16	37	47	28
19	35	24	39	6	9	16
47	2	33	1	23	34	16
15	40	30	38	8	22	5
38	2	43	7	47	16	15
3	30	15	8	17	10	14
45	25	17	8	2	11	48
7	36	14	49	29	25	37
18	13	40	43	35	3	49
38	29	6	35	47	3	11
32	2	44	15	1	28	7
23	46	38	2	45	25	24
16	44	12	43	38	25	27
23	31	24	25	39	36	42
31	13	33	7	2	30	1
16	44	39	38	46	24	10
16	12	38	3	19	2	42
2	40	20	9	7	16	24
23	8	42	37	4	9	16
23	43	19	25	24	37	7
31	9	5	16	15	10	35
34	49	37	2	44	20	13
40	34	49	9	39	10	6
9	10	33	46	16	8	19
31	49	15	19	21	22	25
36	13	20	14	9	44	34
18	47	5	3	17	34	30
49	41	29	3	27	45	43
48	5	25	20	49	39	47
43	16	17	26	30	41	32
8	15	1	27	12	34	39
5	16	24	20	35	17	41
31	36	37	25	15	41	22
7	27	21	5	36	9	10
12	13	22	39	48	45	38
11	32	48	36	30	29	2
32	12	46	40	14	3	19
29	17	20	40	9	18	42
20	41	38	6	32	40	45
34	11	47	18	20	27	23
3	30	36	7	19	24	13
44	39	47	49	37	2	30
24	37	6	13	22	42	7
40	24	36	15	11	42	4
36	37	42	28	15	2	18
21	20	30	9	10	34	7
13	37	16	19	27	32	35
22	7	9	3	14	35	48
29	24	28	21	3	36	34
40	23	3	44	25	48	49
1	32	22	40	33	37	8
13	12	18	10	32	11	14
45	18	2	47	42	27	9
24	45	26	44	12	7	43
43	47	8	36	32	38	37
48	3	6	26	2	1	11
28	34	49	31	35	8	5
19	17	42	26	43	10	2
18	29	33	16	48	34	49
35	21	43	36	19	47	13
42	5	47	30	27	46	16
13	26	47	25	23	16	43
7	27	24	34	31	44	19
12	1	35	41	26	7	10
23	18	8	25	38	42	49
29	44	18	4	14	15	8
38	29	47	5	21	43	17
34	10	25	36	18	26	2
17	1	4	33	31	49	19
18	9	38	8	29	46	32
37	25	17	43	2	26	3
2	23	14	41	8	40	15
23	29	25	3	35	36	40
1	3	4	39	41	43	34
35	49	34	7	47	11	46
16	4	41	1	44	9	32
10	29	23	6	20	45	40
16	6	31	45	9	13	27
28	47	23	48	15	25	16
16	3	5	9	41	34	19
42	34	43	26	32	21	14
35	46	42	3	26	16	47
7	35	46	37	1	18	19
8	2	19	22	30	7	23
44	45	30	31	17	15	8
35	43	33	39	32	26	42
3	26	32	48	24	5	6
7	36	34	33	22	45	41
23	31	30	18	48	8	44
43	32	16	10	26	29	12
24	36	21	33	43	28	10
38	32	14	40	44	16	45
41	8	31	14	17	2	24
4	5	28	11	6	10	12
47	39	44	17	49	48	8
49	29	11	23	20	27	40
33	31	4	45	11	23	16
33	34	2	20	16	15	3
17	4	42	36	35	7	49
3	26	31	21	40	46	19
26	40	43	19	42	36	24
2	20	38	14	8	23	21
38	14	33	35	15	4	46
4	3	8	32	5	49	33
37	15	4	32	42	5	43
38	20	6	49	46	26	19
35	34	8	13	32	22	27
30	2	7	29	11	15	22
13	43	32	16	7	40	31
18	31	13	45	49	46	8
38	21	8	5	35	40	33
3	18	24	43	40	23	39
35	49	22	25	21	10	30
3	22	31	1	37	39	36
47	24	18	39	38	35	44
46	32	19	18	28	13	45
32	15	21	30	48	12	28
35	38	27	46	6	11	7
37	39	41	43	8	10	36
8	9	12	16	45	5	42
32	6	43	11	20	1	24
26	38	33	2	31	20	35
29	23	48	33	5	18	46
39	14	27	19	1	2	41
32	19	21	47	5	17	3
14	41	42	23	24	9	6
32	24	17	42	1	44	41
21	39	43	25	41	42	31
45	16	27	49	21	38	7
42	39	11	4	8	7	12
9	16	26	7	5	43	19
27	16	12	45	15	20	10
25	11	26	21	41	7	36
23	18	24	45	35	6	32
38	33	41	6	20	37	17
35	30	16	45	44	6	29
32	4	46	2	10	35	49
32	15	18	48	49	39	5
33	7	41	23	21	45	27
48	20	47	14	30	43	5
17	34	30	35	25	41	39
25	33	13	15	34	17	16
30	40	41	17	43	1	20
37	40	33	46	47	9	1
8	43	37	18	35	16	9
6	16	2	7	39	44	40
32	48	46	27	43	45	18
40	37	27	29	48	4	33
42	24	20	2	31	48	3
30	2	22	9	26	5	49
43	31	28	49	44	45	14
20	42	40	48	14	17	34
27	5	38	19	24	28	8
10	2	40	16	21	12	45
37	20	5	7	4	32	10
39	7	42	10	21	36	4
23	29	44	11	12	15	48
18	4	19	17	42	16	2
11	43	45	22	26	18	4
22	38	34	25	23	24	10
12	17	1	20	38	19	46
10	37	14	29	9	48	22
49	1	2	41	36	22	18
40	5	14	22	36	1	13
26	14	6	5	16	11	10
28	32	15	34	40	8	6
15	28	22	14	23	20	24
14	26	3	43	45	31	49
23	5	46	16	35	8	36
7	35	26	48	8	9	28
35	16	19	11	18	5	23
49	28	31	30	23	19	3
30	31	39	3	1	18	15
18	49	2	27	45	25	11
27	13	44	21	26	47	23
37	29	36	8	16	17	13
5	33	35	1	37	30	26
26	1	49	43	21	13	48
40	48	39	28	21	16	35
14	43	40	35	15	46	38
41	1	33	43	5	9	10
19	30	33	14	11	27	10
40	19	27	16	42	43	31
36	34	32	14	41	17	29
13	21	20	19	3	15	2
10	3	41	11	25	24	13
13	11	49	42	5	39	19
9	19	47	18	10	27	41
14	21	46	17	43	26	37
21	33	16	2	36	26	43
38	1	11	14	33	5	47
33	17	48	2	3	25	38
45	7	28	43	42	10	47
47	41	42	28	45	9	14
11	29	41	20	25	47	36
24	13	10	3	44	5	19
32	16	13	26	15	25	31
1	31	25	11	4	15	13
32	40	43	21	28	15	7
49	20	29	44	11	38	16
39	8	34	41	47	3	1
34	19	46	29	32	27	45
8	23	21	22	42	43	31
17	38	16	4	42	28	35
6	28	35	11	14	25	26
36	47	23	25	42	12	15
34	37	12	41	19	11	27
32	2	12	6	43	23	27
21	22	45	33	13	48	40
10	37	12	46	30	29	34
35	18	31	28	22	49	1
31	48	17	8	4	37	11
40	8	23	21	5	7	27
26	27	32	22	19	21	13
15	36	12	16	30	13	41
21	16	9	25	44	1	37
30	5	45	21	26	31	47
25	2	38	10	30	41	27
14	12	42	38	49	36	6
18	49	8	33	4	47	13
6	40	33	32	3	8	25
43	16	27	4	21	14	37
19	40	12	6	22	31	28
27	41	45	32	20	29	21
34	28	46	23	38	29	30
10	1	39	37	21	45	22
11	24	42	12	31	48	43
31	4	48	47	34	12	46
34	33	20	45	17	22	25
44	33	4	46	48	18	21
22	20	7	26	9	29	30
7	35	30	2	42	34	33
8	48	27	21	11	10	20
3	27	31	9	2	21	4
23	18	36	15	6	47	14
11	17	28	8	33	19	45
37	27	39	19	2	28	47
37	49	28	42	6	46	3
14	2	27	43	26	47	41
40	49	23	7	44	21	1
27	6	29	32	18	5	43
35	16	9	27	25	39	38
30	48	41	35	25	44	37
5	49	22	38	41	7	35
33	45	13	29	12	18	31
10	6	18	29	15	20	13
34	43	36	10	7	23	2
21	5	47	35	26	30	40
35	7	11	48	30	29	21
4	44	7	9	34	40	45
15	46	25	7	32	23	45
49	38	1	3	37	42	24
48	1	18	5	14	16	35
4	48	11	42	9	7	10
17	35	21	24	32	23	26
15	41	34	42	25	30	46
2	36	12	34	48	14	4
25	27	45	49	28	34	19
30	33	15	1	34	2	29
36	37	16	20	33	1	27
33	8	4	30	45	48	15
42	32	19	21	36	4	17
38	48	18	33	15	11	29
37	11	18	40	17	5	42
3	49	38	37	43	10	39
10	27	12	17	32	24	25
37	10	1	26	20	2	42
31	7	35	46	5	20	10
14	46	17	45	35	25	24
4	31	21	15	18	10	43
47	42	17	23	28	48	44
40	25	44	14	35	30	42
23	47	30	22	21	1	10
6	49	11	19	4	20	34
2	34	15	24	37	21	14
46	26	33	44	22	28	32
19	48	34	21	25	8	36
8	27	26	39	45	12	7
31	19	24	14	23	25	5
14	47	7	41	40	1	38
39	21	30	28	4	36	13
17	2	33	12	49	16	32
47	46	24	8	32	11	27
24	27	36	31	28	35	17
25	48	9	41	28	11	35
14	36	48	7	10	40	8
47	41	38	25	27	39	11
26	32	48	42	6	37	40
5	42	41	21	26	18	25
13	35	39	6	23	37	28
38	5	42	35	22	12	31
3	13	19	40	17	22	33
24	33	12	39	18	5	4
14	32	31	38	7	18	12
10	37	22	17	38	14	48
33	10	23	4	3	12	47
3	21	13	27	11	5	29
12	37	3	20	33	1	44
1	22	6	2	11	48	26
7	11	14	21	13	35	40
16	7	1	37	39	13	17
46	14	29	1	12	21	47
39	21	28	27	37	44	14
5	31	13	26	33	38	1
18	28	19	34	38	21	33
49	41	38	2	14	46	47
17	24	2	37	28	8	14
6	34	39	35	17	21	36
41	16	11	28	4	27	19
28	10	30	35	34	1	33
1	42	16	31	20	4	24
21	7	48	6	25	33	2
26	42	48	10	16	44	22
3	33	47	5	37	20	4
18	2	38	36	34	44	37
47	40	28	2	19	25	35
45	15	3	27	10	42	16
38	23	44	9	22	14	35
35	11	10	25	20	47	32
20	39	19	27	9	30	46
48	13	28	29	32	6	49
22	36	2	45	17	13	14
27	3	46	30	44	38	8
27	18	15	33	35	31	21
46	17	24	36	11	25	41
20	22	16	21	10	44	39
48	7	29	12	6	9	16
5	16	41	20	6	28	26
4	34	37	24	2	42	38
38	4	10	1	48	9	44
10	43	19	6	47	30	14
38	47	2	19	44	43	14
17	44	13	33	6	19	26
12	39	22	26	29	3	23
36	5	17	13	44	48	32
18	39	37	26	20	27	7
1	32	44	31	15	29	7
37	48	22	34	9	45	19
42	1	27	26	11	7	19
46	15	39	4	5	32	31
40	8	35	42	18	46	27
6	44	10	32	12	15	4
30	12	34	39	32	4	22
38	47	33	2	39	18	20
6	9	21	49	44	38	40
44	5	43	13	20	42	22
32	1	35	2	23	20	21
9	43	24	11	17	35	10
9	44	1	35	15	38	18
46	40	8	38	26	36	18
48	2	27	16	37	21	36
5	33	4	48	32	31	27
24	34	8	27	2	14	17
32	11	44	26	21	33	42
37	39	46	8	48	41	10
3	16	48	44	27	46	9
49	38	25	41	42	8	12
47	15	45	32	31	14	11
41	47	18	49	3	9	44
49	36	29	8	47	10	17
18	3	41	47	27	19	29
24	4	37	17	35	13	32
31	41	46	27	45	6	10
25	34	8	49	41	2	6
23	30	13	7	11	19	35
1	16	20	33	11	15	34
27	33	20	47	3	19	22
7	9	12	46	20	33	21
30	21	13	6	1	37	5
46	44	19	29	21	9	31
47	24	30	13	15	43	7
27	2	23	30	46	48	40
16	2	3	40	11	38	4
2	30	26	17	33	16	20
49	33	9	42	37	15	30
28	43	38	20	19	3	23
7	36	11	8	15	1	25
31	32	47	40	15	17	46
45	17	27	21	9	2	44
22	40	19	46	6	41	33
33	32	10	23	27	15	17
24	28	46	3	7	16	18
31	12	22	7	25	3	23
37	32	39	44	10	36	25
49	33	38	15	2	14	8
41	46	19	3	39	7	29
1	31	30	22	6	36	14
32	21	44	25	45	28	1
28	13	42	9	32	47	19
45	47	6	24	32	22	4
15	17	44	6	35	23	29
31	21	43	8	13	14	40
43	5	32	48	29	11	13
20	16	21	1	47	32	3
37	36	24	30	26	9	49
18	12	5	37	47	33	8
7	35	6	40	1	2	37
47	24	23	26	4	31	17
13	38	32	17	29	11	30
35	1	27	21	41	34	10
23	32	36	8	43	10	48
41	14	7	1	5	45	15
39	36	27	47	22	37	31
25	36	22	35	6	2	7
43	30	22	6	10	4	26
46	18	10	48	35	26	31
40	20	33	47	3	10	36
16	10	4	35	14	46	34
18	8	16	5	47	21	17
37	31	39	12	29	45	11
11	15	38	49	22	19	35
1	17	41	25	4	6	29
3	11	33	5	42	13	16
40	48	47	5	22	11	4
4	38	40	28	43	2	5
31	48	21	7	42	5	8
38	5	48	12	14	44	7
5	23	46	32	9	12	13
47	36	15	34	29	12	5
20	40	45	14	1	22	23
9	16	44	7	38	49	22
33	34	32	19	40	49	42
4	42	30	33	10	13	24
11	36	19	12	21	49	37
7	19	9	10	43	45	15
13	21	48	17	10	46	39
33	17	23	42	40	37	24
36	37	6	3	49	38	17
26	29	39	49	36	2	40
18	15	17	24	44	31	14
43	23	7	20	13	17	36
21	34	27	10	40	37	32
39	11	1	38	14	37	22
49	48	21	44	41	40	29
38	39	29	34	1	20	35
10	42	17	43	16	31	7
6	15	27	7	34	20	36
8	17	2	11	19	39	7
32	33	29	14	5	23	31
14	47	40	6	1	24	15
13	46	30	5	1	41	49
42	7	34	5	46	1	11
37	12	22	5	23	33	18
36	48	17	30	16	14	32
42	46	17	47	14	45	30
26	6	22	19	35	36	48
40	28	19	13	34	22	25
43	26	20	10	18	46	14
39	6	13	18	38	3	17
32	3	4	16	22	11	33
45	44	38	27	29	1	8
33	37	49	28	17	32	45
30	22	41	24	14	45	46
45	23	47	30	12	28	32
16	46	6	7	48	24	30
9	7	49	29	46	42	5
8	4	15	39	36	5	45
10	4	11	20	15	25	46
3	32	42	10	31	2	43
2	15	30	22	16	35	7
20	33	39	26	40	4	10
38	1	21	30	23	2	10
13	29	39	22	46	20	4
5	9	18	19	11	48	13
30	2	42	26	38	24	37
1	21	3	24	13	49	4
18	3	7	43	38	26	8
35	14	34	7	33	45	40
24	19	38	12	9	37	2
34	5	48	3	7	16	32
38	45	37	30	31	48	9
35	15	12	49	10	34	7
13	19	43	25	15	38	20
28	38	39	15	46	44	4
42	24	9	34	2	5	15
3	14	20	36	19	46	24
1	48	10	15	11	38	49
39	8	31	48	38	15	24
22	48	3	30	36	15	7
23	28	48	33	6	12	41
17	19	20	8	29	23	3
36	44	37	7	9	17	12
37	35	14	1	49	30	23
46	31	32	8	43	33	27
31	7	10	38	8	32	13
3	36	41	28	19	29	44
24	20	31	27	45	48	46
6	3	37	43	42	33	39
30	31	29	49	48	11	39
17	33	29	48	44	14	43
41	27	48	10	18	6	17
42	24	41	11	26	13	34
43	33	5	37	17	14	32
42	23	28	35	20	36	45
5	44	26	19	18	6	34
3	29	41	45	31	6	33
45	49	27	24	21	1	31
47	11	46	24	19	42	6
21	24	1	23	44	36	42
33	44	24	35	49	3	34
8	33	49	15	38	37	18
37	14	41	42	3	8	23
5	22	49	36	12	23	18
5	26	42	12	18	39	20
12	49	31	30	15	6	9
13	27	38	14	3	39	41
18	22	17	28	5	47	36
49	32	29	10	21	27	46
3	40	31	45	1	37	48
2	6	18	15	27	5	33
10	23	40	34	30	22	24
6	28	18	45	4	29	5
27	29	28	22	16	8	34
6	44	33	47	35	32	40
8	38	17	43	14	34	47
28	49	31	2	3	42	23
32	34	18	23	26	45	7
1	19	48	32	39	37	35
31	49	16	37	15	32	10
6	28	14	16	23	10	17
8	38	23	35	3	13	7
17	47	27	39	49	20	11
9	4	35	20	21	25	49
22	27	26	7	17	35	44
5	25	31	30	38	41	49
14	42	19	44	10	46	31
15	20	34	41	17	11	23
8	3	5	23	48	43	44
23	28	16	45	26	46	38
12	17	6	16	11	27	2
18	2	5	25	6	29	35
9	33	31	5	14	28	43
15	13	35	10	1	45	44
15	25	48	27	42	30	2
28	25	21	15	7	34	2
7	30	40	10	4	21	23
24	10	31	49	47	6	1
31	45	39	29	40	19	10
16	2	32	39	27	46	22
40	42	38	49	7	19	29
26	37	9	1	10	23	48
31	30	13	44	42	15	17
24	33	3	47	10	46	12
31	23	20	43	4	5	44
29	48	6	18	40	49	38
15	28	33	32	34	14	17
49	41	39	14	22	10	31
18	10	42	41	13	43	33
47	27	16	49	18	13	9
15	49	1	14	9	22	23
37	27	30	4	44	12	2
36	16	45	38	8	18	21
37	22	33	7	21	39	25
23	14	12	30	19	2	38
47	19	16	42	39	15	2
26	45	21	3	8	11	19
44	27	41	7	12	5	4
36	15	10	26	22	23	41
15	16	20	27	19	13	3
24	15	40	27	20	4	39
25	33	26	20	40	31	12
27	42	29	1	6	17	2
4	23	14	2	16	22	47
25	3	43	38	42	33	14
46	1	20	45	6	7	44
48	33	1	43	49	46	4
19	9	45	23	49	38	31
31	17	21	11	28	23	44
32	34	22	40	1	8	16
25	36	9	35	1	46	30
28	11	47	27	41	7	29
45	1	40	21	41	5	26
20	41	18	32	43	24	19
45	33	8	19	43	12	35
35	42	48	46	16	47	49
17	15	41	46	49	11	33
7	3	33	12	27	4	37
48	33	20	11	18	19	36
9	46	39	37	48	20	2
21	22	23	14	25	42	6
30	6	23	19	36	45	17
20	31	38	23	25	18	41
44	16	10	11	9	35	42
34	42	17	22	6	4	27
14	41	16	19	25	2	40
38	21	31	32	29	46	37
12	41	31	18	9	38	34
25	45	19	32	22	12	6
30	26	37	1	10	31	11
44	37	6	17	36	42	18
30	26	31	25	32	24	33
37	7	27	49	40	44	25
11	35	7	45	41	14	33
19	36	21	45	2	6	13
44	11	39	2	22	4	10
22	10	44	45	27	31	4
43	33	12	27	47	34	25
11	46	18	9	36	30	15
32	11	30	12	39	14	45
10	11	47	38	28	43	17
43	33	6	38	19	3	46
12	49	15	22	42	35	43
9	30	42	26	16	35	44
33	44	43	12	10	40	25
31	8	12	29	15	40	7
5	19	20	40	47	2	31
22	41	7	46	4	26	47
41	3	19	20	15	40	13
2	10	42	34	44	23	46
20	22	18	40	19	35	44
35	29	26	41	31	36	13
37	1	10	44	47	43	48
26	11	7	47	36	30	24
19	29	38	39	4	11	14
19	18	42	8	29	37	26
41	45	3	23	30	28	13
46	12	27	3	42	7	19
40	4	49	7	25	39	43
23	38	6	41	4	29	10
44	16	2	37	9	14	6
22	36	43	48	47	26	18
17	9	21	28	22	32	31
17	23	1	3	8	30	10
20	28	15	5	14	45	13
19	38	43	34	20	22	48
21	47	23	3	27	25	26
8	5	34	28	11	19	20
8	39	3	13	9	15	30
43	32	4	49	14	21	37
9	30	4	29	41	24	3
20	47	12	27	34	36	24
17	21	15	34	10	38	46
26	22	27	29	37	33	40
24	29	44	32	5	37	11
11	46	10	28	24	20	4
42	9	11	45	47	31	43
29	26	15	38	42	9	16
48	34	47	49	39	35	32
1	25	16	4	48	31	2
49	33	24	12	41	8	23
26	6	2	32	45	13	49
35	7	23	12	6	36	49
40	16	13	12	17	26	47
17	5	37	49	1	9	18
19	11	25	27	43	37	47
43	40	14	41	44	36	49
38	45	16	37	29	1	26
16	41	42	21	9	12	17
14	17	33	18	35	41	30
20	42	49	43	44	19	41
22	10	38	5	7	6	41
44	38	48	19	37	39	41
35	10	18	32	28	38	5
6	43	31	24	12	48	22
41	2	42	33	3	7	24
31	4	22	34	9	16	12
22	42	19	7	5	48	12
25	12	4	43	16	11	1
26	18	24	5	17	41	3
36	9	6	47	35	5	33
21	8	29	17	25	4	40
27	7	23	19	22	17	45
6	10	16	8	21	34	45
41	40	4	32	12	8	7
42	46	38	16	4	14	36
21	24	16	19	44	4	48
2	7	36	3	25	4	6
38	15	5	24	17	49	12
12	26	31	43	13	28	34
3	12	30	32	15	2	33
42	47	20	38	9	11	16
11	37	17	47	16	8	32
14	13	29	27	11	18	40
1	46	22	40	20	13	14
25	39	26	2	19	21	29
42	46	39	26	13	47	34
38	43	23	21	47	9	33
6	39	12	45	7	32	33
35	29	17	10	4	28	8
4	8	49	2	40	23	11
37	9	3	35	27	5	23
8	20	4	36	13	21	17
21	34	24	3	25	32	17
27	37	32	9	47	44	45
48	20	4	26	29	32	17
33	36	32	2	27	3	40
42	46	21	7	5	8	30
46	27	47	23	19	48	29
2	46	37	15	24	33	6
31	26	33	28	3	18	46
9	38	28	7	39	23	36
49	16	44	46	15	2	27
44	45	48	12	46	30	2
37	33	12	6	42	15	9
8	42	40	1	17	18	10
12	10	42	6	9	37	44
29	46	48	42	35	20	45
49	46	10	20	21	38	7
7	25	1	49	32	15	5
12	17	14	27	8	46	6
45	42	43	17	4	11	27
12	39	24	4	29	21	42
7	36	48	34	46	4	41
43	49	14	8	33	38	11
3	7	10	9	32	6	8
42	3	49	12	31	26	15
4	28	9	34	23	24	42
26	13	38	18	25	3	36
20	47	5	17	43	19	3
20	7	8	23	35	42	43
19	21	3	4	41	29	16
3	25	14	6	41	40	39
46	49	1	12	22	18	15
11	49	35	34	1	26	14
36	9	28	3	37	32	20
17	39	6	18	26	35	3
36	40	1	44	19	25	48
28	2	4	35	5	27	47
43	20	48	42	10	4	33
37	34	18	2	10	22	32
20	27	34	43	24	47	41
37	49	28	3	24	23	45
30	10	25	29	14	12	38
36	25	7	21	29	5	6
37	35	1	17	48	4	3
16	17	33	40	41	35	36
20	11	34	39	24	9	1
29	19	35	22	9	7	18
24	2	32	21	26	42	43
38	3	17	2	21	46	22
22	47	31	37	16	46	34
1	27	31	7	41	32	35
13	9	46	40	22	11	39
43	46	15	24	34	25	18
25	5	11	26	19	23	27
33	27	42	49	3	25	21
12	42	3	37	18	24	38
49	34	25	17	14	15	41
15	30	24	43	46	32	5
33	36	2	47	6	18	43
34	13	49	42	18	6	15
40	43	26	7	8	37	9
40	37	19	3	25	24	5
13	18	32	5	29	35	37
17	47	23	5	8	40	20
2	15	22	39	41	37	46
8	16	10	2	5	6	41
47	9	19	34	26	43	25
33	15	49	43	5	48	4
34	49	4	31	38	8	20
11	42	37	5	44	38	39
5	33	30	15	6	19	31
2	33	36	6	40	4	31
21	13	27	16	43	22	39
49	20	36	24	3	5	28
37	24	18	49	31	43	45
5	42	20	4	47	49	15
11	26	49	27	20	38	46
31	26	33	10	23	47	3
17	49	38	10	12	37	14
46	35	34	24	14	43	8
19	30	35	21	36	43	40
22	10	7	44	28	31	8
46	16	4	21	22	36	47
38	1	42	40	20	41	14
40	11	9	13	7	32	30
4	28	36	16	22	30	5
34	28	26	1	48	25	6
32	42	39	3	21	48	2
5	4	27	47	24	42	45
3	41	5	10	13	38	27
19	1	15	31	32	43	26
1	33	4	26	47	22	44
12	46	39	41	5	37	45
48	2	27	31	40	38	11
23	10	41	22	25	7	40
8	47	7	29	10	39	40
31	26	36	41	32	7	21
40	9	7	32	38	28	34
32	44	49	48	34	45	4
33	35	37	40	24	32	15
18	9	19	46	40	17	22
18	3	12	23	35	43	39
23	17	16	12	31	36	32
9	14	13	21	8	41	30
24	39	38	4	34	33	11
17	41	25	4	8	2	1
4	24	45	23	32	18	31
26	9	18	2	14	21	13
32	31	2	8	43	29	39
26	11	40	36	3	9	16
15	6	12	28	16	48	29
6	49	16	42	41	17	45
37	43	1	44	39	47	42
49	32	30	45	12	8	4
46	17	43	45	35	36	44
27	11	18	16	32	39	41
45	39	1	3	21	18	49
4	32	9	48	31	14	5
31	40	20	41	22	47	29
14	35	47	30	22	16	12
41	16	25	40	6	37	18
41	32	48	17	35	4	37
46	4	3	39	40	11	6
30	11	19	27	13	25	5
42	9	31	15	28	43	4
45	36	2	18	16	46	42
19	21	20	47	14	35	3
1	42	36	37	5	21	43
1	5	27	3	17	30	47
11	29	49	37	14	31	30
49	10	41	40	24	31	12
22	25	39	5	4	15	12
29	39	2	46	5	22	38
19	32	3	4	15	41	46
7	44	17	1	28	49	2
9	21	38	36	26	29	6
21	33	19	32	8	36	6
36	11	26	29	24	6	13
43	17	2	35	23	46	44
27	41	2	46	28	44	25
14	19	42	3	15	24	37
39	16	32	12	35	28	7
24	5	19	1	48	16	18
36	37	25	20	8	30	38
48	1	5	45	35	18	22
15	10	6	25	41	17	47
10	5	26	25	9	45	12
11	43	14	35	37	12	5
5	45	39	32	40	36	46
25	47	49	10	41	12	9
12	32	8	38	35	30	33
14	25	19	20	33	15	16
5	42	46	3	35	24	48
18	28	12	19	37	13	43
8	7	18	19	32	49	36
33	41	42	11	22	12	13
26	39	16	24	45	28	8
7	45	18	22	5	16	24
5	46	24	34	14	48	40
19	28	27	12	48	15	13
46	17	18	48	19	34	31
15	3	43	33	38	28	40
40	34	7	38	18	49	8
45	28	4	12	5	17	25
9	5	12	19	28	21	40
10	5	11	8	18	31	3
15	17	43	39	2	7	16
1	16	15	21	24	32	17
30	22	11	7	42	1	5
3	18	25	11	10	1	9
21	14	18	29	45	2	48
42	30	8	18	15	9	47
6	42	25	20	32	4	26
11	18	6	24	19	39	40
36	24	49	10	9	23	7
22	14	4	38	7	9	31
17	30	12	18	32	6	25
37	10	34	41	40	7	23
21	12	49	44	34	10	9
6	8	4	31	10	15	45
44	26	16	46	22	9	7
30	49	44	5	28	24	9
36	27	32	18	23	22	39
34	49	26	15	18	17	3
34	6	30	13	2	1	5
12	37	44	31	21	9	6
8	48	31	30	26	22	25
42	6	1	29	28	7	38
29	14	40	24	26	30	13
25	33	5	43	20	41	35
43	22	10	34	18	35	20
24	37	30	33	8	7	27
49	41	11	14	6	8	40
3	27	29	32	36	18	40
41	17	15	40	27	26	29
13	4	11	15	46	47	38
32	6	46	25	18	41	36
2	3	21	22	44	6	4
20	25	17	46	41	13	15
44	20	35	15	38	17	3
44	31	6	8	29	9	41
20	14	5	26	41	30	34
26	19	2	25	39	14	31
1	26	44	8	27	29	2
23	47	5	22	14	37	15
40	24	36	12	32	42	31
6	34	39	30	25	27	33
34	49	5	27	35	37	30
6	14	20	34	46	12	29
45	12	31	36	47	25	13
28	27	20	18	12	1	7
19	48	29	39	49	42	8
21	3	46	38	1	26	42
10	37	21	4	31	35	19
24	6	5	22	8	2	39
24	9	39	29	49	26	23
36	33	30	9	48	27	35
36	30	39	18	47	2	25
18	34	32	22	29	44	38
38	15	49	42	41	5	30
43	10	32	35	19	13	37
32	22	39	43	41	13	47
30	13	3	17	44	37	16
48	10	37	20	28	46	21
5	10	34	29	18	21	6
40	16	17	2	34	39	35
12	31	2	39	15	24	4
44	7	39	9	48	31	30
46	32	4	49	11	7	23
42	37	29	46	7	19	32
14	24	32	42	36	11	43
44	40	27	4	25	33	30
37	49	19	48	21	32	43
39	47	37	3	25	9	27
6	17	21	46	1	24	34
35	11	16	44	17	41	5
17	44	36	2	29	14	48
6	47	8	16	33	20	10
39	11	8	4	17	38	35
17	39	47	44	26	6	11
19	2	38	49	16	46	44
46	27	32	25	15	48	31
9	29	49	16	4	39	8
26	20	45	13	42	44	33
10	1	2	35	30	29	14
25	8	35	22	49	3	10
17	36	28	27	18	25	45
2	22	15	28	24	35	14
5	45	7	48	20	40	10
42	49	18	35	40	20	39
20	42	39	27	44	7	33
40	16	17	43	26	3	27
41	4	33	36	40	27	18
9	24	38	10	5	8	6
30	17	16	5	42	24	39
42	18	34	3	45	37	1
37	27	15	48	41	14	40
47	23	44	6	7	16	17
38	1	32	8	28	9	3
3	44	12	35	36	48	38
5	7	41	18	22	38	13
46	19	45	31	27	22	47
15	13	33	23	29	7	8
9	22	24	6	30	33	41
41	29	31	19	36	48	33
4	47	46	3	6	18	24
13	28	10	3	23	14	9
48	32	27	36	3	23	5
5	13	43	3	8	2	21
35	37	19	24	38	36	21
1	13	43	16	30	6	37
37	15	41	32	7	26	44
2	48	12	47	41	19	26
8	45	42	40	28	23	14
44	27	21	12	41	18	29
17	33	49	45	39	37	26
8	2	4	31	6	44	36
41	13	11	38	42	35	8
9	1	38	12	24	31	28
47	37	3	34	26	6	41
36	37	49	41	47	27	42
4	31	25	21	26	18	5
13	33	7	43	8	32	40
5	43	32	28	13	10	35
4	11	33	48	32	20	30
24	32	49	36	15	13	26
38	10	33	23	45	26	6
25	22	20	26	33	37	31
13	21	31	4	25	26	46
27	39	2	31	18	38	29
34	16	28	30	48	1	7
16	39	20	12	41	6	46
28	1	13	25	30	18	32
11	29	10	26	32	45	6
18	3	20	21	40	30	9
11	40	42	14	48	25	27
30	28	33	3	37	7	45
23	47	29	44	28	2	9
21	44	24	22	10	9	43
44	3	46	5	34	25	16
12	47	32	26	13	16	33
41	45	12	43	11	39	18
47	9	23	17	36	5	2
49	20	48	26	44	13	37
32	36	23	49	42	4	37
20	13	27	17	48	33	23
11	37	6	25	32	42	30
7	23	16	41	37	42	1
40	29	19	43	21	37	15
40	28	38	24	27	20	1
14	11	15	25	6	46	12
37	3	9	18	39	10	4
31	5	42	21	47	3	32
37	15	10	32	39	36	18
11	13	36	2	40	20	14
33	44	29	37	18	23	4
21	38	33	24	15	39	40
1	43	32	23	13	25	28
42	32	49	44	39	48	23
37	39	2	25	16	26	34
12	39	2	38	9	15	20
33	21	47	39	28	13	18
44	47	35	6	20	7	42
24	8	49	32	21	43	9
14	3	6	22	32	19	29
29	7	3	42	20	26	32
25	43	9	42	17	8	34
49	36	33	21	10	3	8
38	5	40	13	20	25	49
36	48	41	34	47	26	9
20	43	4	1	30	47	41
23	4	31	29	43	37	8
9	38	35	3	34	20	28
3	19	24	38	14	18	6
15	35	12	17	36	25	41
24	46	7	31	35	25	12
45	8	35	12	2	20	16
44	43	19	30	24	41	32
11	10	9	7	23	18	44
3	32	11	36	28	13	14
2	42	38	27	28	25	3
10	42	21	11	6	48	32
41	49	18	4	6	39	34
17	48	6	44	35	29	15
6	28	27	18	36	21	4
43	47	29	8	23	27	31
16	12	28	20	41	8	22
32	37	36	30	15	33	40
17	12	34	11	23	41	37
11	2	26	47	1	3	35
33	9	15	18	11	46	10
40	37	10	41	33	28	18
13	48	47	33	45	18	6
6	2	13	26	32	34	16
43	23	39	45	2	37	7
17	23	2	19	38	47	15
3	17	5	47	37	49	46
46	49	18	1	34	29	35
39	30	8	34	35	29	41
45	16	8	14	30	29	38
16	43	14	7	3	45	20
49	8	44	5	15	40	27
43	2	48	7	24	16	12
3	7	34	24	1	43	42
4	37	23	35	17	24	18
6	25	32	22	24	10	47
21	35	24	20	3	42	15
10	32	47	36	20	9	4
16	4	48	18	28	7	3
26	21	20	2	36	23	42
20	44	23	38	36	39	43
5	4	39	24	30	32	31
42	27	8	10	2	14	4
33	44	22	35	6	41	24
11	49	13	32	10	39	1
4	49	44	18	46	32	45
48	6	10	31	44	46	17
35	33	28	29	3	40	11
19	44	36	28	47	10	32
36	1	11	29	7	14	17
22	26	39	31	10	24	28
10	33	26	49	15	5	19
27	47	38	34	16	30	46
15	30	8	39	2	27	29
20	5	7	44	22	13	24
3	43	31	49	46	9	33
7	31	2	8	41	27	32
32	15	8	6	31	11	45
28	26	23	18	44	49	35
38	26	33	27	46	40	8
18	7	36	13	22	26	10
24	41	46	25	26	2	16
27	14	9	36	24	33	28
13	3	21	14	31	15	2
47	19	11	1	49	8	37
3	49	35	4	29	38	16
46	26	14	23	6	8	22
32	2	26	10	15	37	8
47	4	41	45	9	14	3
9	16	37	44	29	17	5
27	43	15	18	29	2	17
13	30	29	27	47	4	38
36	14	26	3	46	23	38
15	47	29	6	30	38	34
8	45	11	18	10	23	36
4	6	15	25	35	49	21
33	3	26	21	8	42	41
16	30	12	39	10	42	31
48	14	39	43	45	40	29
11	45	6	27	24	31	9
29	49	8	13	18	35	41
47	44	7	24	15	6	19
35	37	44	16	36	10	28
37	12	36	6	48	16	31
11	34	40	43	15	16	38
38	9	13	23	40	27	29
5	6	32	29	30	45	13
10	42	30	29	2	25	43
16	48	47	46	21	31	41
28	33	49	9	18	4	40
28	27	15	32	1	26	25
43	11	12	10	35	7	2
47	10	36	33	39	48	20
36	1	11	14	48	16	3
40	15	13	34	1	49	41
9	23	22	40	3	41	6
14	35	34	39	19	42	17
4	47	17	42	41	12	22
20	16	15	45	29	12	26
19	49	29	2	36	43	34
41	31	32	15	30	48	9
44	35	14	22	48	25	33
23	47	27	17	6	5	18
12	48	44	42	40	36	39
17	49	32	36	10	11	35
2	49	37	29	47	13	21
45	33	44	49	36	24	16
23	25	40	44	18	12	38
12	39	22	1	45	31	30
16	38	5	9	40	41	44
22	11	8	35	10	2	46
48	39	17	42	3	41	32
23	39	8	31	33	35	44
45	46	24	11	3	49	29
47	33	8	49	38	44	9
40	38	48	18	32	34	9
47	21	22	1	14	3	35
37	22	43	5	36	15	17
33	22	13	48	11	27	35
15	4	9	38	22	45	41
15	35	32	21	5	34	38
20	14	8	27	6	34	38
19	29	27	44	31	38	36
12	6	1	11	20	16	17
16	14	30	25	23	36	28
2	10	49	41	38	14	11
37	2	42	30	19	31	9
9	49	34	14	38	13	16
3	39	20	21	43	38	8
7	11	15	22	37	39	42
30	20	19	46	6	48	5
24	47	36	38	5	40	49
42	3	7	11	43	26	14
8	41	32	48	15	45	11
49	9	28	46	38	29	3
27	32	48	20	26	9	40
13	12	36	7	5	1	10
32	23	29	44	18	40	15
41	29	39	31	27	4	6
35	28	36	32	1	5	27
1	26	7	19	31	38	3
2	44	24	26	5	6	12
31	32	23	4	1	19	38
33	7	32	41	27	25	38
31	2	21	36	41	11	28
34	10	17	38	33	28	16
43	22	9	31	35	48	20
10	25	7	41	28	17	24
33	7	29	32	14	19	6
19	24	45	29	43	20	30
27	4	12	41	19	45	48
11	17	6	48	20	4	23
40	46	26	18	30	32	33
15	32	10	27	46	25	49
18	4	20	22	5	41	40
38	45	29	48	13	37	33
3	43	38	35	29	49	37
46	13	48	1	23	9	36
20	22	26	32	12	15	4
49	38	44	27	3	18	36
24	19	20	11	1	34	6
25	29	44	15	12	30	7
32	29	18	38	1	8	20
20	46	35	2	29	11	47
3	6	4	2	5	26	16
46	7	39	36	42	6	17
36	4	29	18	25	34	35
26	12	24	13	9	48	27
17	47	39	16	23	3	24
28	11	40	49	42	46	44
33	39	35	14	41	18	24
11	43	12	42	1	13	37
19	48	5	21	43	31	32
13	42	24	25	12	41	49
31	12	49	35	30	34	15
16	14	18	48	1	49	5
25	6	32	24	23	15	31
15	30	3	5	44	38	9
3	22	36	11	43	44	33
34	27	49	31	35	28	30
16	3	21	44	33	29	18
27	42	9	33	20	21	48
22	49	42	40	33	19	27
9	41	4	24	20	23	34
14	1	28	43	21	47	11
24	35	30	34	17	19	26
35	14	34	1	36	19	9
45	35	44	28	24	21	37
25	18	42	22	29	12	44
19	42	10	27	45	35	8
19	17	20	44	29	6	25
30	12	7	42	4	3	10
27	34	5	35	22	3	20
45	49	14	23	1	10	7
25	7	12	5	49	34	46
47	27	19	30	23	14	34
1	8	7	41	24	9	36
5	24	43	48	2	37	20
44	28	43	19	4	46	48
19	22	46	6	47	7	3
6	20	38	17	2	25	35
33	24	18	30	5	23	1
47	2	1	12	40	30	41
37	20	4	6	29	31	33
38	22	33	35	31	32	14
40	30	15	28	10	25	32
45	21	34	41	19	30	16
26	27	43	23	12	31	38
4	24	33	11	20	48	46
17	9	15	40	10	20	27
27	11	5	3	36	32	43
29	13	22	5	14	32	39
42	7	44	26	12	49	34
29	2	8	4	5	42	20
39	20	43	33	36	38	41
48	11	25	1	42	17	33
5	41	22	44	16	45	31
11	13	1	7	25	15	43
21	15	33	32	16	25	30
14	39	30	7	36	38	45
9	38	16	34	4	40	45
5	25	37	43	29	6	32
31	49	19	36	40	32	45
9	29	35	40	16	26	48
21	39	27	25	9	40	6
25	35	44	37	1	33	30
40	32	49	46	28	24	39
29	43	6	13	42	28	31
16	44	18	24	29	36	25
11	8	15	17	2	35	23
9	28	3	31	38	24	22
40	2	14	44	9	38	4
33	13	5	32	28	27	45
26	18	47	21	32	16	1
38	26	39	16	19	32	5
1	31	32	20	25	39	19
46	1	43	27	4	28	19
22	32	25	23	36	35	31
16	47	41	40	29	39	17
18	43	25	4	10	20	40
35	18	26	39	9	45	29
10	11	35	1	7	2	31
26	38	3	32	1	48	27
39	47	37	38	2	26	11
21	32	24	30	10	33	29
35	29	13	49	11	5	47
37	46	22	48	43	17	26
39	49	24	26	27	41	33
8	1	23	37	47	6	49
48	4	10	37	43	14	12
46	4	45	32	42	43	35
40	4	26	15	11	33	30
24	27	31	11	48	40	42
28	11	20	33	18	13	2
17	47	2	27	5	7	46
17	42	12	8	37	26	31
46	28	31	37	4	6	10
49	48	1	28	3	47	26
40	38	43	13	2	12	16
28	12	15	3	37	35	47
41	39	42	44	34	32	49
16	12	49	13	33	21	5
29	21	48	4	47	23	16
41	9	34	43	46	42	19
15	21	25	38	10	48	14
44	49	5	25	41	33	1
45	36	30	49	11	9	25
10	2	15	44	14	28	13
37	38	3	9	33	36	32
9	21	2	24	42	11	32
48	18	2	27	25	7	39
3	14	7	35	33	38	11
41	42	49	36	44	29	11
46	1	7	29	28	31	16
15	11	34	1	10	9	48
13	42	2	22	8	43	14
8	35	13	23	39	34	7
6	15	2	31	48	49	42
17	4	25	32	36	22	43
42	18	6	40	35	29	44
16	12	14	27	43	6	37
39	40	22	11	37	42	16
18	6	23	31	38	22	7
33	21	25	38	44	37	10
18	27	6	23	2	22	39
10	35	29	47	17	6	7
14	34	24	28	22	2	38
26	7	44	12	29	6	43
30	15	32	41	28	2	44
27	35	6	25	1	38	47
28	12	40	2	6	4	36
38	33	27	19	26	12	13
33	28	12	36	32	48	1
23	20	8	28	27	41	9
42	41	25	6	9	30	7
38	25	2	15	10	9	4
3	8	40	11	42	37	15
27	18	37	22	23	4	21
26	7	42	5	24	3	21
2	14	16	20	26	15	37
2	4	40	38	30	1	46
26	42	40	20	30	7	14
33	10	40	37	2	41	38
29	1	33	20	4	35	49
27	19	40	39	31	44	42
18	47	25	49	48	12	29
44	11	8	48	46	2	32
43	24	49	27	19	12	15
37	11	30	13	25	3	26
2	46	20	16	8	42	40
11	1	42	12	47	26	35
47	3	27	31	18	36	35
45	31	7	10	41	21	32
1	48	29	33	8	9	2
23	22	38	47	49	7	10
47	28	4	20	30	49	37	# 2. März 2002
38	40	43	44	5	4	42	# 9. März 2002
7	44	39	25	2	27	34	# 16. März 2002
18	47	15	17	10	48	44	# 23. März 2002
43   4   8  38  37  44  21  # 30. März 2002
24  17   7  46   5  23  16  # 06. April 2002
 9  18  27  29  33  36  49  # 13. April 2002
11  49  39  42   6   7   9  # 20. April 2002
42   8   6  21  10   1   5  # 27. April 2002
38  32  39  34  47  49  10  # 04. Mai 2002
16  29  14  43  46  40  12  # 11. Mai 2002
43  38   9  44  34  15   1  # 18. Mai 2002
 7  31  22   5   1  19   3  # 25. Mai 2002
 7  48  18   3  36  11  13  # 01. Juni 2002
11  38   6  28  34  46  29  # 08. Juni 2002
36  23   5  16  39  37  17  # 15. Juni 2002
 8   7  49  10  18  27  25  # 22. Juni 2002
29  44  30  25   6   5  35  # 29. Juni 2002
19  45   6  39  13  16   8  # 06. Juli 2002
 2  43   1  21  36  30  20  # 13. Juli 2002
 3  34  24  36  11  31  35  # 20. Juli 2002
39   8  10  41  40  26  22  # 27. Juli 2002
18  27  26  44   7   5  21  #  3. Aug  2002
 9  10  13  26  31  34  15  # 10. Aug  2002
20   4   7   5  29  44   1  # 17. Aug  2002
 3  27  25  19  34  16  24  # 24. Aug  2002
39  40  41  21  43  35  16  # 31. Aug 2002
29  17  16  37  18  19  34  # 07. Sep 2002
23  27  39   8  30  20  15  # 14. Sep 2002
 8  11  14  36  48  37  38  # 21. Sep 2002
29  10  12  40   6  28  24  # 28. Sep 2002
30  33  26  39  11   1   4  # 05. Oct 2002
17   6  16  35   7  12   1  # 12. Oct 2002
42  28  21  43  34   1  48  # 19. Oct 2002
43  30  16  34  15  41  23  # 26. Oct 2002
30  17  34   5   7  44  12  # 02. Nov 2002
38  24  32  27  43   1  18  # 09. Nov 2002
44  24  14   7   3  13  36  # 16. Nov 2002
32  44  16  34  43  12   3  # 23. Nov 2002
11   9  10   7  43  47  14  # 30. Nov 2002
34  24   6  40   8   9  46  # 07. Dec 2002
13   3  22   6  17  38  36  # 14. Dec 2002
22  41  12  19  48  11   7  # 21. Dec 2002
35  42  24  17  13  27   1  # 28. Dec 2002
 6  17  18  19  24  44  46  # 04. Jan 2002
48  38  32   9  12  43  44  # 11. Jan 2003
17  41   6  49  35  39  19  # 18. Jan 2003
13  18  47  37   9   6  10  # 25. Jan 2003
38  43  36  47  44  20  22  # 01. Feb 2003
 8  32  33  38  48  25  49  # 08. Feb 2003
 4  18  30  12   6  24  36  # 15. Feb 2003
 8  22  49  31  23  35  26  # 22. Feb 2003
18  45  14  10  40  30  39  # 01. Mar 2003
39  12  46  45  14  17  26  # 08. Mar 2003
47   7  33  46  42  13  49  # 15. Mar 2003
45  36  47  28  17  44  33  # 22. Mar 2003
14  22  43  46  16  18   9  # 29. Mar 2003
 9   3   1  19  47  42  44  #  5. Apr 2003
27  32  34  40  14  13  20  # 12. Apr 2003
10  31   4  46   3  16  43  # 19. Apr 2003
45  26  17  31   8  24   6  # 26. Apr 2003
41  32   5  14  48  23  27  #  3. May 2003
 9  20  13  38  11   7   2  # 10. May 2003
22  10  44  37  35   1   3  # 17. May 2003
33   3  28  46  14  15   4  # 24. May 2003
38  24  26  12  21  29  10  # 31. May 2003
44   2  37  34  38  41  11  #  7. Jun 2003
 5   2  21  48  38  23  39  # 14. Jun 2003
19  17  34  23  47  26  11  # 21. Jun 2003
16  28  14   9  13  47  48  # 28. Jun 2003
 2   8  10  45  46  39  40  # 05. Jul 2003
 5  47  28  21   4  25  18  # 12. Jul 2003
44  18  24  28  15  30  17  # 19. Jul 2003
18  31   7  36  37   6  46  # 27. Jul 2003
21  12   2  15   1   3  14  # 02. Aug 2003
12   2   1  31  34  11  25  # 09. Aug 2003
12  45  38  17   4  14  39  # 16. Aug 2003
34  31  15   2   7   6  32  # 23. Aug 2003
33   7  25  19  49  42   8  # 30. Aug 2003
15   8  16   4  26  18  19  # 06. Sep 2003
11  18  25  22  19  42  37  # 13. Sep 2003
34  11  26  47   3  27  46  # 20. Sep 2003
44  17  40  35   7  39  14  # 27. Sep 2003
30  49  16  19  25  11  12  # 04. Oct 2003
47  33   7  35  28  31  45  # 11. Oct 2003
 4  35  37  32  41  15  27  # 18. Oct 2003
27  24  35  49  25  38   2  # 25. Oct 2003
32  18   4  22  43  21  35  # 01. Nov 2003
16  47  44  41  31  27  25  # 08. Nov 2003
38  22   4  33  36  19  40  # 15. Nov 2003
 5  39   8  31  37  25  47  # 22. Nov 2003
31   8   4  49  28  48   7  # 29. Nov 2003
41  33  24  20  35  43  44  # 06. Dec 2003
29  44  11   5  30  26  46  # 13. Dec 2003
30  24  31  37  43   2  13  # 20. Dec 2003
36  24  35   7  17  40  28  # 27. Dec 2003
 5  37  15  16  48  41   3  # 03. Jan 2004
45  42  33  14  13   9  48  # 10. Jan 2004
34  35  28  40  20  49  19  # 17. Jan 2004
14   9  26  20  12  48  39  # 24. Jan 2004
30  22  32  48  16  49  11  # 31. Jan 2004
26  23  20  17  28  14  37  # 07. Feb 2004
37  35  32  46  25  23  48  # 14. Feb 2004
14  38  28   5   9  49  26  # 21. Feb 2004
24   6  38  18  29   1  41  # 28. Feb 2004
38  46  24   1  37   3  20  # 06. Mar 2004
28  32   6  48  21  20  30  # 13. Mar 2004
16  27  24  32  10   3  11  # 20. Mar 2004
26  40  49  47  30  28  13  # 27. Mar 2004
43  30   2  16  10   1   6  # 03. Apr 2004
25  49  43   5   3  47  40  # 10. Apr 2004
24  18  26  33  29  32  27  # 17. Apr 2004
40  33  13   1  37  30  29  # 24. Apr 2004
49   8  27   9  22  29   1  # 01. Mai 2004
33  44  43   4  11  37  13  # 08. Mai 2004
 3  34  23   8  32  29  43  # 15. Mai 2004
44  43  26  31   5  18  14  # 22. Mai 2004
14   3   4  24  18  40  37  # 29. Mai 2004
34  19  15  31  41  44   4  # 05. Jun 2004
 3   6  36  13  30  12  45  # 12. Jun 2004
22  19  27  31  40  26  43  # 19. Jun 2004
40  35  30  18  31  33  38  # 26. Jun 2004
20  16   4  49  36  17  44  # 03. Jul 2004
39  46  40   4  31   2  21  # 10. Jul 2004
25  24  10  41  23  27  17  # 17. Jul 2004
13  48   2  27  37   9  47  # 24. Jul 2004
48   6   9  44  33   3  38  # 31. Jul 2004
 7   5  39  35  26  45  28  # 07. Aug 2004
12   3  48  40  37  49  30  # 14. Aug 2004
21   6  31   1  27  47  35  # 21. Aug 2004
21   1  12  36  31  40  10  # 28. Aug 2004
40  11   4  19   3   1   5  # 04. Sep 2004
 6  10  16  31  12  17  35  # 11. Sep 2004
 5  17  26  22   1  41   7  # 19. Sep 2004
 5   7  28  33  39  42  37  # 25. Sep 2004
45  19  29  42  28  11   5  # 02. Oct 2004
47  11  21  22  15  27  34  # 09. Oct 2004
23  28  29  21   6   7   4  # 16. Oct 2004
48  26  32  29  40  34  49  # 23. Oct 2004
47  30  40  39  27  10  34  # 30. Oct 2004
33  45  16  47  36  24  42  # 06. Nov 2004
27   5  41  43  46  42  16  # 13. Nov 2004
49  33  46   7  18  19  31  # 20. Nov 2004
47  39  41  36  18  27  13  # 27. Nov 2004
 2  36   8  40  38  17  29  # 04. Dec 2004
 9  42  35  33   7   3  30  # 11. Dec 2004
16  12   1  22  30  10  35  # 18. Dec 2004
22  47  41   9  48  13  44  # 25. Dec 2004
27  44  22  21  36   2  38  # 01. Jan 2005
 2  14   5  42  39  35  25  # 08. Jan 2005
41  17  45  28  37   6  10  # 15. Jan 2005
35   2   4  47  39  23  29  # 22. Jan 2005
14  23  28   9  36  21  47  # 29. Jan 2005
 7  11  17  42  21  18  12  # 05. Feb 2005
27  41  16  33  31  36  44  # 12. Feb 2005
41  45  42  36  26   9  29  # 19. Feb 2005
16   7  37  23  25   1  44  # 26. Feb 2005
47   8   5  16  43  26  49  # 05. Mar 2005
39   3   6  24  20   2  42  # 12. Mar 2005
 5   4   9   7  49  48  23  # 19. Mar 2005
 2   7  21  34  35  48  32  # 26. Mar 2005
 5  49   8  37  43  18  22  # 02. Apr 2005
11  30  39  40  32  29  41  # 09. Apr 2005
24   1  19  18  36  26  38  # 16. Apr 2005
13   4  37   7  21  49  48  # 23. Apr 2005
34  18  22   8  48  31   4  # 30. Apr 2005
38  43   9  29  25   6  44  # 07. Mai 2005
35  38  37  14  30  25  29  # 14. Mai 2005
21  41  40  37  49   2   4  # 21. Mai 2005
34  29  28   7   6  43  16  # 29. Mai 2005
19  25  43  47   1   6  40  # 04. Jun 2005
29  24  18   9  30  13  35  # 11. Jun 2005
49  18  26  27   8  28  33  # 18. Jun 2005
24   5  20  40  21  17  28  # 25. Jun 2005
41  12  40  17   1  29  42  # 02. Jul 2005
48  27   4   5  40  42  21  # 09. Jul 2005
 1  42  49  30  25  31  17  # 16. JUl 2005
46   2  37  14  47  45  13  # 23. Jul 2005
45  19  42  12  22  43  18  # 30. Jul 2005
24  33  23   7   1  42   3  # 06. Aug 2005
34  35  10  25  44  26  45  # 13. Aug 2005
 1   2  40  17  22  18  44  # 20. Aug 2005
23  42   1   9  38  47  20  # 27. Aug 2005
20  46  49  41   5  24  44  # 03. Sep 2005
37  48  17  31  19  27  22  # 10. Sep 2005
29  16   8  17  28  43  12  # 17. Sep 2005
48   9  26  23  40  25  36  # 24. Sep 2005
20  37   9  47  44  14   4  # 01. Oct 2005
 5  25  43  14  49   6  36  # 08. Oct 2005
 3  40  36   9  15  43  28  # 15. Oct 2005
31  11   9  26  47   4   8  # 22. Oct 2005
18   5  31  11  30   2  45  # 29. Oct 2005
47  40  29   5   7  46  24  # 05. Nov 2005
33  16  28  12  36  40  35  # 12. Nov 2005
40   4  49  38   1  30  18  # 19. Nov 2005
34  12   5  21  40  32  25  # 26. Nov 2005
17  49   6  47  36   2   8  # 03. Dec 2005
 7  46  30  33  28   2  15  # 10. Dec 2005
 3  22  10  42  41   9   4  # 17. Dec 2005
38   8  30  24  36  19  16  # 24. Dec 2005
42  36  13  21  44  35  30  # 31. Dec 2005
31  26  17   3  21  19  34  # 07. Jan 2006
10  19  39  31  27  14   4  # 14. Jan 2006
 6  27  17  39  35  20  19  # 21. Jan 2006
33  49   5  38  37  40   7  # 28. Jan 2006
26  43  28  39  35  27  41  # 04. Feb 2006
 1  45  14  26  10  49  29  # 11. Feb 2006
18   5  40   6   4  21  10  # 18. Feb 2006
18  10  21  36  17   9  34  # 25. Feb 2006
36  17  37  11  23   7  27  # 04. Mar 2006
46  48  12   3   9  36  45  # 11. Mar 2006
 5   9  17  47  43  38  44  # 18. Mar 2006
21  10   3  28  12  32  46  # 25. Mar 2006
25  39   6   4  21  35  15  # 01. Apr 2006
17  44  25   3  10  46   7  # 08. Apr 2006
 2  18   4   8   5  40  16  # 15. Apr 2006
44  24   9  39   3  35  45  # 22. Apr 2006
38  48  37  22  12  25  35  # 29. Apr 2006
28  15  31   5  26  37  20  # 06. Mai 2006
45  26  40  27  12   9  31  # 13. Mai 2006
25  19  40  49  42  10  30  # 20. Mai 2006
22  14  29  35  30  43   6  # 27. Mai 2006
 3  24   1  10  49  17   4  # 03. Jun 2006
29  29  19  13  25  44  22  # 10. Jun 2006
45  31  10  41  40  49  37  # 17. Jun 2006
48  22  30  47   5  13  25  # 24. Jun 2006
12  25   6  27  18  35  22  # 01. Jul 2006
30   9  31  24  28  49  48  # 08. Jul 2006
30   5  28  25  40  41   8  # 15. Jul 2006
31  41  37   5  25   3  17  # 22. Jul 2006
21  13  25  34  48  17  44  # 29. Jul 2006
 7  43   1   9  46  12   8  # 05. Aug 2006
14  42  32   5   1  48  30  # 12. Aug 2006
 4  24   8  33   5  43   1  # 19. Aug 2006
 1  20  39  24  25   4  18  # 26. Aug 2006
38  46  36  48   6  34  49  #  2. Sep 2006
42  23  43  47   2  13  40  #  9. Sep 2006
 7  17  16  47   9   5  36  # 16. Sep 2006
48  38   3  14  31  35  43  # 23. Sep 2006
42  10  35  17  27  46  18  # 30. Sep 2006
30  34  31  41  48  28  17  #  7. Oct 2006
39   6  34  30   7  33  44  # 14. Oct 2006
17   1  21  47  39  24   2  # 21. Oct 2006
44   1  30  48  49   7   2  # 28. Oct 2006
31  14  46   6  39  28   1  #  4. Nov 2006
49  13  28  47   1  19  32  # 11. Nov 2006
38  43  28   2   1   8  14  # 18. Nov 2006
42  49  33  27  41  34   6  # 25. Nov 2006
 4  42   9  44  17  45  19  #  2. Dec 2006
34  26  12   7  24  33  38  #  9. Dec 2006
 4  31  49  19  48  23  30  # 16. Dec 2006
41  11  16  36  38   3   9  # 23. Dec 2006
16   1  44  47  23  39  12  # 30. Dec 2006
10  11  38   5  35  39  48  # 06. Jan 2007
 8  41  19  47  38  29  25  # 13. Jan 2007
27  19  38  36  33  28  31  # 20. Jan 2007
40  45  18  27  44  15  24  # 27. Jan 2007
27  34  21   5  36  18   9  #  3. Feb 2007
16  26  20  38   4  32   1  # 10. Feb 2007
 1  31  39  34  14  49  11  # 17. Feb 2007
13  33  14  36   8  11  20  # 24. Feb 2007
16   7  26   4  29  23  28  # 03. Mar 2007
42  49  18  23   5  30  12  # 10. Mar 2007
 6  11  26   9  10  22  34  # 17. Mar 2007
25  32  29  28  24   1  44  # 24. Mar 2007
15   2  28  31  35  33  17  # 31. Mar 2007
33  17   8   6  49  29   5  #  7. Apr 2007
49  41  44  45  34  37  19  # 14. Apr 2007
 3  13   1   6  19  46   9  # 21. Apr 2007
30  15  19  39  37   8  16  # 28. Apr 2007
32  15  20  13  37  49  19  # 05. Mai 2007
21  22  31  28  17  42  14  # 12. Mai 2007
 9   4  21  29  34   7  18  # 19. Mai 2007
 1  17  25  26  41  42  23  # 26. Mai 2007
18  24  44  31  13  28  21  # 02. Jun 2007
23  42  31  32  22  19  30  # 09. Jun 2007
 2  18  49  26  34  39  13  # 16. Jun 2007
25  41  33  10  36  29  23  # 23. Jun 2007
31   2  36   1  16   5   6  # 30. Jun 2007
23  27  11   8  34  25  47  #  7. Jul 2007
33  10   9   3  23  11  16  # 14. Jul 2007
20  36   4  29  44  14  38  # 21. Jul 2007
28   6   8  14  33  18  40  # 28. Jul 2007
43  30   4  32  20   7  48  #  4. Aug 2007
19  17  11   6  42   4  40  # 11. Aug 2007
 8  24   1  45  23  11  46  # 18. Aug 2007
11  49  30  22  48  44  23  # 25. Aug 2007
33  45  26   8  41  43  44  #  1. Sep 2007
27   2  34  26  31  14  42  #  8. Sep 2007
28  27  36  21  49   1   7  # 15. Sep 2007
36   6   3  34  41  11  43  # 22. Sep 2007
 9  27  22  40  20  29  19  # 29. Sep 2007
26   6  25  45  12   3  49  #  6. Oct 2007
41  24   3   9  10  47  16  # 13. Oct 2007
49  37  36  34  28  17   9  # 20. Oct 2007
 4  47  16  12   3   8  10  # 27. Oct 2007
41  21  15  11  13   2  10  #  3. Nov 2007
41   5  12   1  15   3  34  # 10. Nov 2007
15  42  30   9   1  26  20  # 17. Nov 2007
39  13  49  42  14  45  41  # 24. Nov 2007
35  29  12  23  41  21   8  # 01. Dec 2007
 2  25  24  19   1  47  12  # 08. Dec 2007
13  49  37  26  18   3   7  # 15. Dec 2007
34  10  45  33   9  41  35  # 22. Dec 2007
 2  26  23  12  28  42   1  # 29. Dec 2007
10  33  37   9  17  45  18  #  5. Jan 2008
10   4  11  45   3  47  12  # 12. Jan 2008
30  31  20   7  23  22   5  # 19. Jan 2008
20  10  37   6   4  26  39  # 26. Jan 2008
39  14  27   9   6  28  23  #  2. Feb 2008
 1  13  25  27  10  45   9  #  9. Feb 2008
 7  22  11  43  44   6   4  # 16. Feb 2008
44  39  12  40  13   1  24  # 23. Feb 2008
39  20  22  19   5   4  40  #  1. Mar 2008
35   9   6  22  37  12   2  #  8. Mar 2008
40  26   5   7  42  33  38  # 15. Mar 2008
34  43  31  11   6  42  46  # 22. Mar 2008
10  21  23  29  31  37  49  # 29. Mar 2008
 5   3  34  27   9  48  26  #  5. Apr 2008
41  22  23  42   5  34   6  # 12. Apr 2008
10  13  23  24  38  48   1  # 19. Apr 2008
43  33   8  14   3  25  17  # 26. Apr 2008
44  10  30   8  29  20  24  #  3. Mai 2008
 9  31  12  24  11  23   2  # 10. Mai 2008
22  35   8  20  25  34  44  # 17. Mai 2008
 6  34  37   2   9  46  16  # 24. Mai 2008
 7  17  22  12  41  27  19  # 31. Mai 2008
17  42  19   7  20  47  24  #  7. Jun 2008
32  30  24  44  36  21  41  # 14. Jun 2008
 2  30  32  45  43  15   7  # 21. Jun 2008
46  30   5   7   9  21  43  # 28. Jun 2008
42  11  49   7   6  15  24  #  5. Jul 2008
40  22  27   4   2  10   7  # 12. Jul 2008
15  41  38  20  43   8  29  # 19. Jul 2008
44  47  49  12  10  15  19  # 26. Jul 2008
28  17  22  29  40   4  44  #  2. Aug 2008
26  16  30  37  42  38   5  #  9. Aug 2008
1    8  36  22  42  19  28  # 16. Aug 2008
43  26   4  28  10  20  37  # 23. Aug 2008
11  48  20   8  36  21  49  # 30. Aug 2008
26  35  49  15  20  14  8   #  6. Sep 2008
27   3  22   2  38  48  26  # 13. Sep 2008
 6   4  34  28   7  43  39  # 20. Sep 2008
11  37  39  28  27  29  46  # 27. Sep 2008
 4  16  11  43  12  21  28  #  4. Oct 2008
 5  13  22  29  18   2  43  # 11. Oct 2008
25  10  21  36   1  35  38  # 18. Oct 2008
43  46  47  24  34   1  44  # 25. Oct 2008
28   6  27  26  43  25   9  #  1. Nov 2008
42  25   4   9  33  16  18  #  8. Nov 2008
31  23  48   3  39  41  11  # 15. Nov 2008
42  11  41  12  35  23  10  # 22. Nov 2008
 7  12  22  43   9  19   6  # 29. Nov 2008
24  15  23  32   5   7   8  #  6. Dez 2008
 6  44  45  13  18  22   1  # 13. Dez 2008
19   4  28  11  46  48  38  # 20. Dez 2008
24  11  31  16  13   3   6  # 27. Dez 2008
21  14  46  40   6  10  42  #  3. Jan 2009
18  17   6  49  41  37  26  # 10. Jan 2009
38   4  12  32  42  46  47  # 17. Jan 2009
36   2  14  16  12  46  33  # 24. Jan 2009
 9  11  17  31   7  14   1  # 31. Jan 2009
39  13  48  35  15   2   1  #  7. Feb 2009
28  17  40  42  29  47  30  # 14. Feb 2009
 3  29  41  14  18  31  49  # 21. Feb 2009
22   1  21  15  20  33  40  # 28. Feb 2009
33  26  44  37  38   7  18  #  7. Mar 2009
 5  44  49   8  26  45  41  # 14. Mar 2009
21  34  10  13  23  38  29  # 21. Mar 2009
 4  47  44  41  49   3   8  # 28. Mar 2009
11   2  36  26  22   1  12  #  4. Apr 2009
 3  17   7   2  38  37  32  # 11. Apr 2009
10  20   5   2  42  25  38  # 18. Apr 2009
43  35   6  19  11  18  10  # 25. Apr 2009
18  26   2  17  41  13   5  #  2. Mai 2009
30  40  22   8  24  36  16  #  9. Mai 2009
36  15  32  47  42  35  46  # 16. Mai 2009
33  28  20  29  13  14  49  # 23. Mai 2009
17  18  21  35  36  43  10  # 30. Mai 2009
35   3  23  10  13  27  42  #  6. Jun 2009
 6  48  38   4  42  46  19  # 13. Jun 2009
37  35  46  18  26  41  29  # 20. Jun 2009
37  38  47  45   3  14   7  # 27. Jun 2009
32  31  11  39  15  30  16  # 04. Jul 2009
43  12   1  14  27   3  39  # 11. Jul 2009
 1   5   9  45  30   2  24  # 18. Jul 2009
 6  31  11  24  35  23  18  # 25. Jul 2009
 2  46  44  35  16  30  47  #  1. Aug 2009
34  19  41  38  32   9  25  #  8. Aug 2009
23  42   8  34   3   5   7  # 15. Aug 2009
12  22  14   8  17  25   1  # 22. Aug 2009
23  36  35  24  44  13   2  # 29. Aug 2009
25  24  45  26   4  12  40  #  5. Sep 2009
19  23  40  41  34   5  48  # 12. Sep 2009
39  11  33  22  14  17  48  # 19. Sep 2009
 8  25  33   9  39  45  38  # 26. Sep 2009
36  16  19  34  27  11  31  #  3. Oct 2009
15  20  27  24  40  16  28  # 10. Oct 2009
44  24  31  43  45  39  46  # 17. Oct 2009
24  48   5  22  39  18  46  # 24. Oct 2009
21  25  13  22  33   7  28  # 31. Oct 2009
34  37   9  28   1  27  31  #  7. Nov 2009
 1  44  11  25   3  10  40  # 14. Nov 2009
47  24   4  44  14   8  25  # 21. Nov 2009
30  33  45  24  34  36  31  # 28. Nov 2009
 7   6  16  42   8  29  15  #  5. Dec 2009
26   4  38  49  18  22   8  # 12. Dec 2009
47  14  18  15   7  29  28  # 19. Dec 2009
24  11  16   7  49  39  21  # 26. Dec 2009
 3  43  30   6  32  31  17  #  2. Jan 2010
 2  22  33  24  37  46  10  #  9. Jan 2010
12   7   6  34  18  17  33  # 16. Jan 2010
39  28  31  21  16  14  27  # 23. Jan 2010
17  49  46  13  11  34  32  # 30. Jan 2010
15  10  22  34  41  49  36  #  6. Feb 2010
11  36  15   5  20  48  17  # 13. Feb 2010
10  24  25  20  47   2  38  # 20. Feb 2010
45  30   6  33  26   4  44  # 27. Feb 2010
38  39  35  27  13  18  21  #  6. Mar 2010
10  23  27  15  35  24  13  # 13. Mar 2010
30  21  24   6  20  22  45  # 20. Mar 2010
10  14  49  36  45   4  33  # 27. Mar 2010
48  40  24  13  32  12  19  #  3. Apr 2010
37  3    2  47  34   8  41  # 10. Apr 2010
10  11  35  38  17  16  37  # 17. Apr 2010
45  29  12  26   7  46  11  # 24. Apr 2010
19  16  10  37  20  49  29  #  1. Mai 2010
40  31  16  39  36  49  34  #  8. Mai 2010
41  10  36   5  35  11   7  # 15. Mai 2010
19  12  39  13  49  43  31  # 22. Mai 2010
17  20  26  33  46  47   8  # 29. Mai 2010
28   5  43  46  32  21  14  #  5. Jun 2010
 9  20  17   4  25  35  48  # 12. Jun 2010
42  21  13  22  41  14  28  # 19. Jun 2010
25  48  41  39  49  33  21  # 26. Jun 2010
 1  27  13  45  46  47   2  #  3. Jul 2010
 2  19  17  42   7   3  45  # 10. Jul 2010
29  20  36  11   7  49  46  # 17. Jul 2010
15  43  24   4  37  21   8  # 24. Jul 2010
34  24  46  49  22  25  27  # 31. Jul 2010
32   6  29  33  44  20  19  #  7. Aug 2010
43  32   4  14   8  30  18  # 14. Aug 2010
30  26   5  15  22  18  11  # 21. Aug 2010
 4  35  40   6  22  31  16  # 28. Aug 2010
35   3  25  19   6  48   5  #  4. Sep 2010
28  43  48  41  26  39  15  # 11. Sep 2010
 4  37  30  29  35  24  15  # 18. Sep 2010
 2  46  12   4  25   1  22  # 25. Sep 2010
28  27  15   5  17  29  16  #  2. Oct 2010
11  19  22  15  12  21  23  #  9. Oct 2010
13  47   8  45  19  33  31  # 16. Oct 2010
34  43  29   8   9  23  35  # 23. Oct 2010
49  11  12  30  15  39  29  # 30. Oct 2010
33  14  34  17  18   4   7  #  6. Nov 2010
13  43   8  24  19  17  31  # 13. Nov 2010
32   4  34  17  29  33  46  # 20. Nov 2010
 1   8   4  35  45  10   2  # 27. Nov 2010
37  18  41  24  48  13   9  #  4. Dec 2010
 5  16   7  43  31  27   2  # 11. Dec 2010
39  42  16   4  21  40  31  # 18. Dec 2010
46   9  29   2  10  11  14  # 25. Dec 2010
 2  14  18  26  35  36   8  #  1. Jan 2011
27  26  33  41  32  23  36  #  8. Jan 2011
13  12  33  21  26  38  29  # 15. Jan 2011
 3  23   7  35  19  14  11  # 22. Jan 2011
35  30   8  11  45  21  22  # 29. Jan 2011
11  41  34  24   9  35  19  #  5. Feb 2011
 1   2  32  24  31   5  12  # 12. Feb 2011
33  47  42  16  12  14  24  # 19. Feb 2011
18  32  19  47  49  38  22  # 26. Feb 2011
33  28  13  39   7  15  18  #  5. Mar 2011
 9  19  31  15  43  38   5  # 12. Mar 2011
46  11  10  41  16  21  39  # 19. Mar 2011
19  37  17  28  20  25  23  # 26. Mar 2011
25  33  16   1  29  47  34  #  2. Apr 2011
32  26  12  39  44  47   8  #  9. Apr 2011
35  49   4  19  17   3  45  # 16. Apr 2011
41   6  29  22  16  18  48  # 23. Apr 2011
19  33  10  34  29  12   9  # 30. Apr 2011
23  34  29   5  41  12   6  #  7. May 2011
 1   9  10  11  20  31  24  # 14. May 2011
13  24  28  36  45  49  12  # 21. May 2011
46   4  19  17  34  29  37  # 28. May 2011
17  46  38  34  37  22  43  #  4. Jun 2011
46  16   8  28  18  34  32  # 11. Jun 2011
25  21   6  41  14  24  46  # 18. Jun 2011
42   4  20   3  28  37  38  # 25. Jun 2011
 7  10  16  19  22  40  24  #  2. Jul 2011
45  18  23  36   9  11  17  #  9. Jul 2011
 3  27  15  14  38  22  49  # 16. Jul 2011
 8  12  18  20  24  33  27  # 23. Jul 2011
 8  11  21  40  42  44  27  # 30. Jul 2011
11  41  33  49   9  36  13  #  6. Aug 2011
31  14  13  34  21  29  49  # 13. Aug 2011
 7  32   2  41  31  22  24  # 20. Aug 2011
27  29  40  43  44  49  24  # 27. Aug 2011
31  17  42   2   8  36  15  #  3. Sep 2011
28  16  10  43   9   6  36  # 10. Sep 2011
49  42  46  23  12  38  20  # 17. Sep 2011
18  42  24   5   3   6  46  # 24. Sep 2011
13  29  21  47  17   9  31  #  1. Oct 2011
34  25  29  47  31  24  35  #  8. Oct 2011
 2  18  16   5  37  39   9  # 15. Oct 2011
 7  26   8  34   6  35  11  # 22. Oct 2011
24   6  23  35  17  44  10  # 29. Oct 2011
43  21   7  41  13  37  24  #  5. Nov 2011
12  16   7  42  15  30   2  # 12. Nov 2011
47  24  26  40   9  33  16  # 19. Nov 2011
23  33  49   3  13  38   4  # 26. Nov 2011
44   1  25  10  29  47  22  #  3. Dec 2011
34  25  10   2   5   4  24  # 10. Dec 2011
19  44   3  38  33  47  27  # 17. Dec 2011
27   6  12  26  36  32  42  # 24. Dec 2011
19   5  17   2  28  11  10  # 31. Dec 2011
29  22  37  33  24  47   2  #  7. Jan 2012
 6  20   7  32   1  11  26  # 14. Jan 2012
49  46  26  43  45  27  11  # 21. Jan 2012
 1  16  19  27  37  48   4  # 28. Jan 2012
10  15  40  27  24  45  17  #  4. Feb 2012
32   2  34  48  49  11  14  # 11. Feb 2012
40  27   3  13  25  47  26  # 18. Feb 2012
48  43  16   7  11  14  38  # 25. Feb 2012
22  48   4  24  40  33  31  #  3. Mar 2012
15  10  26  35   1  21  39  # 10. Mar 2012
 3  43   7  23  42  33   1  # 17. Mar 2012
35  37  43  39  49  22  30  # 24. Mar 2012
43  40  25   1  26  27   4  # 31. Mar 2012
15  35   2  10  44  12  43  #  7. Apr 2012
26  48  42  29  39  37  32  # 14. Apr 2012
20  41   6  24  19   7  17  # 21. Apr 2012
11  47  37  20  17  33  36  # 28. Apr 2012
31  28   5  48  14   8  42  #  5. Mai 2012
36  31  18  34  30  13   2  # 12. Mai 2012
20  42  36  34  43  47  17  # 19. Mai 2012
 5  11  15  34  44  48   4  # 26. Mai 2012
13   9  26  30  41  37  33  #  2. Jun 2012
10  15  17  22  28  31  12  #  9. Jun 2012
 1  48  28  17  46  33  10  # 16. Jun 2012
11  13  19  27  33  39   2  # 23. Jun 2012
 8  20  30  22   7  41  27  # 30. Jun 2012
 6  10  29  30  43  49  34  #  7. Jul 2012
 6  22  10  33   9  29   5  # 14. Jul 2012
40   4  38  24  31  26  27  # 21. Jul 2012
41  16  31  27  37  49  20  # 28. Jul 2012
15  18  22  23  38  40  11  #  4. Aug 2012
 3  47  20   1   2  49  35  # 11. Aug 2012
16  34  28   5  32  40  18  # 18. Aug 2012
16  17  22  25  27  35  42  # 25. Aug 2012
 3   6   7  16  26  48  22  #  1. Sep 2012
19  38  39  41  48  49   4  #  9. Sep 2012
41  48   6   9   8  34  23  # 15. Sep 2012
24  49  48  41  40   7   1  # 22. Sep 2012
39   4  20  41  34   1  47  # 29. Sep 2012
 8  20  22  34  44  46  40  #  6. Oct 2012
 9  37  36  42  10  43  20  # 13. Oct 2012
26   8   6  11  15  33  17  # 20. Oct 2012
44  33  23  39  46  11   8  # 27. Oct 2012
43   8  42  46   7  26  16  #  3. Nov 2012
28   3  49  25   2  38  14  # 10. Nov 2012
 5  24  32  36   7  15  35  # 17. Nov 2012
32   2  12  28  23  48  31  # 24. Nov 2012
 6  23   4   3  45   2   1  #  1. Dec 2012
48  34  15  19  42  27  31  #  8. Dec 2012
25  40  31  27   4  30  19  # 15. Dec 2012
49  23  38  44  11  32  45  # 22. Dec 2012
11  43  38  35  31  25  29  # 29. Dez 2012
39  47  49  45  22  26  43  #  5. Jan 2013
10   7  48  11  43  15  38  # 12. Jan 2013
39  23  27  45  28  47   6  # 19. Jan 2013
37  31  33  12  36  28  18  # 26. Jan 2013
34  17  44  28   2   4  40  #  2. Feb 2013
22  26  20   5  47  29  25  #  9. Feb 2013
22  23  24  39  33   6  18  # 16. Feb 2013
49  35  26  17  46  44  47  # 23. Feb 2013
45   2  17  48  14   4  27  #  2. Mar 2013
 2  20  47  14  39  12  16  #  9. Mar 2013
17  39  10  34   4  42  45  # 16. Mar 2013
30  37  49   9  41  16  10  # 23. Mar 2013
 7  35  39  30  46  31   8  # 30. Mar 2013
30   5  17  34   7  32  35  #  6. Apr 2013
28  35  45  15  26  10   4  # 13. Apr 2013
48   6  36  28  38  31  10  # 20. Apr 2013
28  11  32   3  10  43  41  # 27. Apr 2013
48   7   5  11  22  21      #  5. Mai 2013   keine Zusatzzahl mehr
40   7  32   3  31  41      # 11. Mai 2013
16  32  20   2   1  22      # 18. Mai 2013
29  25  23  17   3  44      # 25. Mai 2013
 2  30  28  13  36  32      #  1. Jun 2013
12  38  47  26   3  30      #  8. Jun 2013
14  16  49  43   6  25      # 15. Jun 2013
10  19  31  43   5  35      # 22. Jun 2013
36  43  22  28   7  44      # 29. Jun 2013
11  17  49   8  20   3      #  6. Jul 2013
18   3  48  28  29  38      # 13. Jul 2013
 3  46  33  11  29  18      # 20. Jul 2013
34  20  11  31  30  40      # 27. Jul 2013
31  47  19  25   6  40		#  3. Aug 2013
31  39  36   9   3  17      # 10. Aug 2013
13  42  28  19  17  25		# 17. Aug 2013
30   6  29  27   2  25      # 24. Aug 2013
39  22  44  37  26   1      # 31. Aug 2013
43  22  24  37  41  12      #  7. Sep 2013
23  22  21  30  10  40      # 14. Sep 2013
22  32   8  40  13  43      # 21. Sep 2013
31  23  37   3  41  32      # 28. Sep 2013
 3  48  12   9  35  44      #  5. Oct 2013
38  44  14  29  25  46      # 12. Oct 2013
10  38  24   4  14  40      # 19. Oct 2013
25  20  22  24   9  18      # 26. Oct 2013
24  15  38  12  19   9      # 02. Nov 2013
28  12  13  33  32   6      # 09. Nov 2013
43  42  19  39   9  24      # 16. Nov 2013
 7  30  35  12  19  33      # 23. Nov 2013
33   1  47  39  30  24      # 30. Nov 2013
19  15   9   4  48  26      #  7. Dec 2013
 5  27  38  17  19   6      # 14. Dec 2013
25   5  27  35   4  17      # 21. Dec 2013
43   9  22   6  32  10      # 28. Dec 2013
16  19  25  36  39  48      #  4. Jan 2014
14   8  29  23   5  38      # 11. Jan 2014
32  16  36  26  11  15      # 18. Jan 2014
37  32  48  24  45  36      # 25. Jan 2014
17  49  18  46  47  42      #  1. Feb 2014
44  18  42   4  29  33      #  8. Feb 2014
44  31  17   7   8  48      # 15. Feb 2014
46  39  32  26  25  30      # 22. Feb 2014
 5  47  13  24  28  38      #  1. Mar 2014
32  45  10  16  24  43      #  8. Mar 2014
33   3  23  36  12  41      # 15. Mar 2014
 7  46  34  29  30  10      # 22. Mar 2014
24  20  11   8   7   5      # 29. Mar 2014
37  14  21  17  42  47      #  5. Apr 2014
48  28  38  16  13  49      # 12. Apr 2014
48  46  25   3  47   4      # 19. Apr 2014
35  23  34   3  48   7      # 26. Apr 2014
35  41  14  40  34   2      #  3. May 2014
26  21  42   9  11  20      # 10. May 2014
39   9  37  21  42  24      # 17. May 2014
 2  34   7  16  27  13      # 24. May 2014
17  31  19  13  41   5      # 31. May 2014
42  12  47  35  27  23      #  7. Jun 2014
17  42   6  11  12  47      # 14. Jun 2014
41  30  12  32  44  21      # 21. Jun 2014
36  39   2  32  18  26      # 28. Jun 2014
38  22  41   6  24  10      #  5. Jul 2014
39  26  17   5  29  37      # 12. Jul 2014
41  19  49   5  34   6      # 19. Jul 2014
26  33  38  30  14  28      # 26. Jul 2014
11   6  41   8  20  40      #  2. Aug 2014
15  22   3  40  11  37      #  9. Aug 2014
10  49  29   2  15   5      # 16. Aug 2014
 7   9  23  10  18  36      # 23. Aug 2014
21  14  25  18  43  39      # 30. Aug 2014
17   6  33  18  11  32      #  6. Sep 2014
25  11  33  39   7  27      # 13. Sep 2014
42  47   1  14   6  40      # 20. Sep 2014
 9  39  19  13  16  48      # 27. Sep 2014
33   4  31   7  24  45      #  4. Oct 2014
 1  44  36  34  32  23      # 11. Oct 2014
15  11  27  48  30  29      # 18. Oct 2014
31  22  28  23  35  30      # 25. Oct 2014
24   4  14  48  41  30      #  1. Nov 2014
41  45   1   8   9  13      #  8. Nov 2014
31  25  13  14  10  19      # 15. Nov 2014
44  33   8  32  24  11      # 22. Nov 2014
38  17  46  30   7  24      # 29. Nov 2014
1   29  16  21  44  47      #  6. Dec 2014
12   5  26  43   8  18      # 13. Dec 2014
 4  32   6  10  24   3      # 20. Dec 2014
45  43  10  44  36  48      # 27. Dec 2014
19  37  17  36  38  28      #  3. Jan 2015
43   5  32  19  20  11      # 10. Jan 2015
 8  29  22  47  11  46      # 17. Jan 2015
18  27   7  37  47   1      # 24. Jan 2015
46  47  42   7  45  27		# 31. Jan 2015
47  25  12  14  23  13      #  7. Feb 2015
42  36  29  21  41  23		# 14. Feb 2015
41  18   3  31  35  42		# 21. Feb 2015
 2  45  41  49  20  25      # 28. Feb 2015
 6  19  41  16   7   1      #  7. Mar 2015
15  43  48  39  21  23      # 14. Mar 2015
30   4   5  19  41   3      # 21. Mar 2015
22  29  38   7  16  32		# 28. Mar 2015
43  23  34  12  28  20      #  4. Apr 2015
46  47  36   2  15  11      # 11. Apr 2015
 5  44   3  17  39  14      # 18. Apr 2015
 3   1  36   7  11  23      # 25. Apr 2015
 3  18  45   9   6   7      #  2. Mai 2015
 7  29  35  14  41  13      #  9. Mai 2015
34  16  15  47  14  40      # 16. Mai 2015
28  46   4   6  14  27      # 23. Mai 2015
31   3  24   2  44  11      # 30. Mai 2015
15  22  29  48  41  16      #  6. Jun 2015
43   5   4  26   1  18      # 13. Jun 2015
 6  21  32  38  16  35      # 20. Jun 2015
41  33  29  19   3  28      # 27. Jun 2015
47  17  42  14  32  18      #  4. Jul 2015
30  19  11  42  20  35      # 11. Jul 2015
17  18  31  30   5  42      # 18. Jul 2015
30  46  41   4  47  17      # 25. Jul 2015
36  20  31  16   7   4      #  1. Aug 2015
42  13  29  48  36   7      #  8. Aug 2015
 9  42  26  14   3  30      # 15. Aug 2015
 2  46  26  44   3  45      # 22. Aug 2015
23   8  28  16  12  44      # 29. Aug 2015
 1  47  43  13  22  12		#  5. Sep 2015
 6   2  28  26  22  15      # 12. Sep 2015
 8  17  12  37  44  29      # 19. Sep 2015
34   6  33  31  16  15      # 26. Sep 2015
41  31  40  32  33  18      #  3. Okt 2015
49  40  26   5  38  37      # 10. Okt 2015
28  41  10  19  23   9      # 17. Okt 2015
18   6  36   4  29  22      # 24. Okt 2015
29   7  17  26  40   9      # 31. Okt 2015
11   4  25  39  17  48      #  7. Nov 2015
31  48  29   8   1  24      # 14. Nov 2015
12  42  46  23  17  29      # 21. Nov 2015
10   6   3  24  37  47		# 28. Nov 2015
12  29  35  42  47   6      #  5. Dez 2015
24   3  43  31   1   6      # 12. Dez 2015
22  33  10  46   7   1      # 19. Dez 2015
41  22  40  15  19   9      # 26. Dez 2015
35  47  23  43  30   1      #  2. Jan 2016
13  10  31  34  46  48		#  9. Jan 2016
21  31  34  23  39   9      # 16. Jan 2016
27  26  40  16   2  25      # 23. Jan 2016
40  48  33  18  34  23      # 30. Jan 2016
25  10  28  16  34  49      #  6. Feb 2016
45  20  18  30  43  32      # 13. Feb 2016
29  31   1  16  30  13      # 20. Feb 2016
15  37  10  49   7  25      # 27. Feb 2016
43  10  46  33   7  37      #  5. Mar 2016
39  49  30  26  20  47      # 12. Mar 2016
37   4  15  49  44  10      # 19. Mar 2016
31   1  41  40   3  33      # 26. Mar 2016
38   1  23  28  17  10      #  2. Apr 2016
 1   4  47  39  38  46      #  9. Apr 2016
38  20  15  22   5  14      # 16. Apr 2016
15   8  27  17  35  16      # 23. Apr 2016
43  36  30  28  14  26      # 30. Apr 2016
16  34  42  44  32  37      #  7. May 2016
15   5  13  30  44  26      # 14. May 2016
48   5  46  47   2  29      # 21. May 2016
 9  17   5  45  39  24      # 28. May 2016
 6  22  35  42  31   5      #  4. Jun 2016
45   6  13  27  21  38      # 11. Jun 2016
 8  27   2  17  12  19      # 18. Jun 2016
10  34  11   6  44   2      # 25. Jun 2016
30  15  26   6   8   4      #  2. Jul 2016
44  34   1  49  37  40      #  9. Jul 2016
18  22  34  44  30   1      # 16. Jul 2016
47  25  29  48   5  43      # 23. Jul 2016
33   6  30  23  13  26      # 30. Jul 2016
33  26  45   6  47  25      #  6. Aug 2016
 6  30  28  39  14  37      # 13. Aug 2016
23  30  31  45  28  37      # 20. AUg 2016
 8  33  32  43  22   1      # 27. Aug 2016
30   8  25  14  36  18      #  3. Sep 2016
 6   1  24  43  11   3      # 10. Sep 2016
 3  46  35  47  37  34      # 17. Sep 2016
45  21  32  15  18   4      # 24. Sep 2016
20  34  25  37   7  26      #  1. Oct 2016
35  48  14  33  32  21      #  8. Oct 2016
29  41  13   7  38  19      # 15. Oct 2016
48   2  32  21  36  26      # 22. Oct 2016
28  36   8   5   7  26      # 29. Oct 2016
38  42   9  43  32  35      #  5. Nov 2016
20  47   6   2  19   9      # 12. Nov 2016
 2  39  38  15   6   1      # 19. Nov 2016
47  41  26  42  32  45      # 26. Nov 2016
16  47  48  39  43   5      #  3. Dec 2016
34  11  17  49  32  37      # 10. Dec 2016
29   6  35  24  28  34      # 17. Dec 2016
30  18  22  11  45   4      # 24. Dec 2016
42  37  27  29  45  47      # 31. Dec 2016
22  12  14  45  17  46      #  7. Jan 2017
23  37  27   4   3  28      # 14. Jan 2017
26  14  11   9   5  39      # 21. Jan 2017
41  15   6   9  42  38      # 28. Jan 2017
 2  28  39  37  16  49      #  4. Feb 2017
12  45  46  32   3  22      # 11. Feb 2017
25  20  41  27  17  24      # 18. Feb 2017
 4  28   1   9   3  32      # 25. Feb 2017
45   1  41  23  19  22      #  4. Mar 2017
26  46  12  49  17   4      # 11. Mar 2017
31  23  40   4  12  27      # 18. Mar 2017
 9  11  26  25  49   1      # 25. Mar 2017
22   8  36   5  18   9      #  1. Apr 2017
28   7  40  39   2  47      #  8. Apr 2017
12  36  18  21  30  27      # 15. Apr 2017
11  25  19   1  32  12      # 22. Apr 2017
36   4  37  49  18   3      # 29. Apr 2017
30  32  31  47  16  26      #  6. Mai 2017
19   7  32  45  47  48      # 13. Mai 2017
15  29  37   1  44  34      # 20. Mai 2017
23  24  27  49  25  29      # 27. Mai 2017
37  24  35  32  31  46      #  3. Jun 2017
29  42   6   4  26  16      # 10. Jun 2017
16  49   2   6  22  44      # 17. Jun 2017
38  27  46  43  23  13      # 24. Jun 2017
 2  15  35  47  22   3      #  1. Jul 2017
 2  40  23  27   3  17      #  8. Jul 2017
33  38   8  32  31  25      # 15. Jul 2017
37   5  47  27  45  41      # 22. Jul 2017
35  37  30  20  14  29      # 29. Jul 2017
49  18  37  14  19  23      #  5. Aug 2017
15  27  47  49  25   5      # 12. Aug 2017
35   2  45  29  10  48      # 19. Aug 2017
19   2  28  11  24  49      # 26. Aug 2017
14   5   8   3  34  33      #  2. Sep 2017
40  14  49   8  18  27      #  9. Sep 2017
21  26  27  31  35  47      # 16. Sep 2017
